44.768609	0.000000	0.000000
44.768419	0.130293	0.149381
44.767851	0.260585	0.298763
44.766903	0.390875	0.448144
44.765575	0.521162	0.597525
44.763869	0.651444	0.746907
44.761784	0.781721	0.896288
44.759319	0.911991	1.045669
44.756475	1.042253	1.195050
44.753252	1.172507	1.344432
44.749650	1.302750	1.493813
44.745669	1.432983	1.643194
44.741309	1.563203	1.792576
44.736570	1.693411	1.941957
44.731452	1.823603	2.091338
44.725955	1.953781	2.240720
44.720080	2.083942	2.390101
44.713825	2.214085	2.539482
44.707192	2.344209	2.688864
44.700180	2.474314	2.838245
44.692790	2.604398	2.987626
44.685021	2.734459	3.137007
44.676873	2.864497	3.286389
44.668347	2.994512	3.435770
44.659443	3.124500	3.585151
44.650160	3.254463	3.734533
44.640500	3.384397	3.883914
44.630461	3.514304	4.033295
44.620044	3.644180	4.182677
44.609249	3.774025	4.332058
44.598076	3.903839	4.481439
44.586526	4.033619	4.630821
44.574597	4.163365	4.780202
44.562292	4.293076	4.929583
44.549609	4.422751	5.078964
44.536548	4.552388	5.228346
44.523110	4.681987	5.377727
44.509295	4.811546	5.527108
44.495104	4.941064	5.676490
44.480535	5.070540	5.825871
44.465589	5.199974	5.975252
44.450267	5.329363	6.124634
44.434568	5.458707	6.274015
44.418493	5.588005	6.423396
44.402042	5.717256	6.572778
44.385215	5.846458	6.722159
44.368011	5.975610	6.871540
44.350432	6.104713	7.020921
44.332477	6.233763	7.170303
44.314147	6.362760	7.319684
44.295441	6.491704	7.469065
44.276361	6.620593	7.618447
44.256905	6.749425	7.767828
44.237074	6.878201	7.917209
44.216868	7.006918	8.066591
44.196288	7.135576	8.215972
44.175334	7.264173	8.365353
44.154006	7.392709	8.514735
44.132303	7.521182	8.664116
44.110227	7.649592	8.813497
44.087777	7.777936	8.962879
44.064953	7.906215	9.112260
44.041757	8.034427	9.261641
44.018187	8.162571	9.411022
43.994244	8.290646	9.560404
43.969929	8.418650	9.709785
43.945242	8.546583	9.859166
43.920182	8.674444	10.008548
43.894750	8.802231	10.157929
43.868946	8.929944	10.307310
43.842771	9.057581	10.456692
43.816224	9.185141	10.606073
43.789307	9.312624	10.755454
43.762018	9.440028	10.904836
43.734359	9.567351	11.054217
43.706329	9.694594	11.203598
43.677929	9.821755	11.352979
43.649159	9.948832	11.502361
43.620019	10.075825	11.651742
43.590510	10.202733	11.801123
43.560632	10.329554	11.950505
43.530385	10.456288	12.099886
43.499769	10.582933	12.249267
43.468784	10.709489	12.398649
43.437431	10.835954	12.548030
43.405711	10.962327	12.697411
43.373623	11.088607	12.846793
43.341167	11.214794	12.996174
43.308344	11.340885	13.145555
43.275155	11.466880	13.294936
43.241598	11.592779	13.444318
43.207676	11.718579	13.593699
43.173388	11.844279	13.743080
43.138734	11.969880	13.892462
43.103714	12.095379	14.041843
43.068329	12.220775	14.191224
43.032580	12.346068	14.340606
42.996466	12.471257	14.489987
42.959988	12.596340	14.639368
42.923146	12.721316	14.788750
42.885941	12.846184	14.938131
42.848372	12.970944	15.087512
42.810440	13.095594	15.236893
42.772146	13.220132	15.386275
42.733489	13.344559	15.535656
42.694471	13.468873	15.685037
42.655090	13.593073	15.834419
42.615349	13.717157	15.983800
42.575246	13.841126	16.133181
42.534783	13.964977	16.282563
42.493960	14.088710	16.431944
42.452776	14.212323	16.581325
42.411233	14.335816	16.730707
42.369331	14.459188	16.880088
42.327070	14.582437	17.029469
42.284451	14.705563	17.178850
42.241473	14.828564	17.328232
42.198137	14.951440	17.477613
42.154445	15.074188	17.626994
42.110395	15.196810	17.776376
42.065988	15.319302	17.925757
42.021225	15.441665	18.075138
41.976106	15.563897	18.224520
41.930631	15.685997	18.373901
41.884802	15.807964	18.523282
41.838617	15.929798	18.672664
41.792079	16.051496	18.822045
41.745186	16.173058	18.971426
41.697939	16.294484	19.120807
41.650340	16.415771	19.270189
41.602387	16.536920	19.419570
41.554083	16.657928	19.568951
41.505426	16.778795	19.718333
41.456418	16.899521	19.867714
41.407058	17.020103	20.017095
41.357348	17.140540	20.166477
41.307287	17.260833	20.315858
41.256877	17.380979	20.465239
41.206117	17.500979	20.614621
41.155008	17.620830	20.764002
41.103551	17.740531	20.913383
41.051745	17.860083	21.062764
40.999592	17.979483	21.212146
40.947091	18.098731	21.361527
40.894244	18.217825	21.510908
40.841050	18.336766	21.660290
40.787510	18.455550	21.809671
40.733625	18.574179	21.959052
40.679395	18.692650	22.108434
40.624820	18.810963	22.257815
40.569901	18.929117	22.407196
40.514639	19.047110	22.556578
40.459033	19.164942	22.705959
40.403084	19.282612	22.855340
40.346794	19.400118	23.004721
40.290161	19.517460	23.154103
40.233188	19.634637	23.303484
40.175873	19.751647	23.452865
40.118218	19.868490	23.602247
40.060224	19.985165	23.751628
40.001890	20.101670	23.901009
39.943217	20.218006	24.050391
39.884206	20.334170	24.199772
39.824857	20.450161	24.349153
39.765171	20.565980	24.498535
39.705148	20.681624	24.647916
39.644789	20.797093	24.797297
39.584094	20.912386	24.946678
39.523063	21.027502	25.096060
39.461698	21.142440	25.245441
39.399998	21.257198	25.394822
39.337965	21.371777	25.544204
39.275599	21.486174	25.693585
39.212900	21.600390	25.842966
39.149869	21.714423	25.992348
39.086506	21.828271	26.141729
39.022812	21.941935	26.291110
38.958787	22.055413	26.440492
38.894433	22.168704	26.589873
38.829749	22.281807	26.739254
38.764736	22.394722	26.888636
38.699395	22.507447	27.038017
38.633726	22.619981	27.187398
38.567730	22.732324	27.336779
38.501407	22.844474	27.486161
38.434758	22.956431	27.635542
38.367784	23.068193	27.784923
38.300484	23.179760	27.934305
38.232860	23.291130	28.083686
38.164913	23.402303	28.233067
38.096642	23.513278	28.382449
38.028048	23.624054	28.531830
37.959132	23.734630	28.681211
37.889895	23.845004	28.830593
37.820337	23.955177	28.979974
37.750458	24.065147	29.129355
37.680260	24.174912	29.278736
37.609742	24.284474	29.428118
37.538906	24.393829	29.577499
37.467752	24.502978	29.726880
37.396280	24.611919	29.876262
37.324492	24.720652	30.025643
37.252388	24.829175	30.175024
37.179968	24.937489	30.324406
37.107233	25.045590	30.473787
37.034184	25.153480	30.623168
36.960821	25.261157	30.772550
36.887145	25.368620	30.921931
36.813157	25.475867	31.071312
36.738857	25.582899	31.220693
36.664246	25.689715	31.370075
36.589324	25.796313	31.519456
36.514092	25.902692	31.668837
36.438551	26.008852	31.818219
36.362701	26.114791	31.967600
36.286543	26.220509	32.116981
36.210078	26.326006	32.266363
36.133307	26.431279	32.415744
36.056229	26.536328	32.565125
35.978845	26.641153	32.714507
35.901157	26.745752	32.863888
35.823165	26.850124	33.013269
35.744870	26.954269	33.162650
35.666271	27.058186	33.312032
35.587371	27.161874	33.461413
35.508169	27.265331	33.610794
35.428667	27.368557	33.760176
35.348864	27.471552	33.909557
35.268762	27.574314	34.058938
35.188361	27.676842	34.208320
35.107662	27.779136	34.357701
35.026666	27.881195	34.507082
34.945373	27.983018	34.656464
34.863784	28.084603	34.805845
34.781900	28.185951	34.955226
34.699721	28.287059	35.104607
34.617248	28.387929	35.253989
34.534482	28.488558	35.403370
34.451423	28.588945	35.552751
34.368073	28.689090	35.702133
34.284432	28.788993	35.851514
34.200500	28.888651	36.000895
34.116278	28.988065	36.150277
34.031768	29.087233	36.299658
33.946969	29.186155	36.449039
33.861883	29.284830	36.598421
33.776510	29.383256	36.747802
33.690850	29.481434	36.897183
33.604906	29.579362	37.046564
33.518677	29.677040	37.195946
33.432163	29.774466	37.345327
33.345367	29.871640	37.494708
33.258288	29.968560	37.644090
33.170928	30.065227	37.793471
33.083286	30.161640	37.942852
32.995365	30.257797	38.092234
32.907164	30.353697	38.241615
32.818684	30.449341	38.390996
32.729926	30.544726	38.540378
32.640891	30.639853	38.689759
32.551579	30.734721	38.839140
32.461992	30.829328	38.988521
32.372130	30.923673	39.137903
32.281993	31.017757	39.287284
32.191583	31.111579	39.436665
32.100901	31.205136	39.586047
32.009946	31.298430	39.735428
31.918721	31.391458	39.884809
31.827225	31.484220	40.034191
31.735459	31.576716	40.183572
31.643425	31.668944	40.332953
31.551122	31.760904	40.482335
31.458553	31.852595	40.631716
31.365717	31.944016	40.781097
31.272615	32.035167	40.930478
31.179248	32.126046	41.079860
31.085617	32.216653	41.229241
30.991723	32.306987	41.378622
30.897567	32.397048	41.528004
30.803148	32.486834	41.677385
30.708469	32.576345	41.826766
30.613530	32.665580	41.976148
30.518331	32.754539	42.125529
30.422874	32.843220	42.274910
30.327159	32.931622	42.424292
30.231188	33.019746	42.573673
30.134960	33.107590	42.723054
30.038477	33.195154	42.872436
29.941740	33.282436	43.021817
29.844749	33.369437	43.171198
29.747505	33.456155	43.320579
29.650009	33.542590	43.469961
29.552262	33.628740	43.619342
29.454265	33.714606	43.768723
29.356018	33.800186	43.918105
29.257523	33.885480	44.067486
29.158779	33.970486	44.216867
29.059789	34.055205	44.366249
28.960553	34.139636	44.515630
28.861071	34.223777	44.665011
28.761345	34.307629	44.814393
28.661375	34.391189	44.963774
28.561163	34.474459	45.113155
28.460708	34.557437	45.262536
28.360013	34.640122	45.411918
28.259077	34.722513	45.561299
28.157902	34.804610	45.710680
28.056489	34.886413	45.860062
27.954837	34.967920	46.009443
27.852949	35.049131	46.158824
27.750825	35.130045	46.308206
27.648466	35.210661	46.457587
27.545873	35.290979	46.606968
27.443047	35.370999	46.756350
27.339988	35.450718	46.905731
27.236697	35.530138	47.055112
27.133176	35.609256	47.204493
27.029425	35.688073	47.353875
26.925445	35.766587	47.503256
26.821237	35.844799	47.652637
26.716802	35.922707	47.802019
26.612140	36.000310	47.951400
26.507253	36.077609	48.100781
26.402142	36.154602	48.250163
26.296807	36.231289	48.399544
26.191249	36.307669	48.548925
26.085469	36.383742	48.698307
25.979468	36.459506	48.847688
25.873248	36.534961	48.997069
25.766808	36.610107	49.146450
25.660150	36.684943	49.295832
25.553274	36.759469	49.445213
25.446182	36.833682	49.594594
25.338875	36.907584	49.743976
25.231353	36.981173	49.893357
25.123617	37.054449	50.042738
25.015668	37.127412	50.192120
24.907508	37.200059	50.341501
24.799136	37.272392	50.490882
24.690555	37.344409	50.640264
24.581764	37.416109	50.789645
24.472765	37.487493	50.939026
24.363559	37.558559	51.088407
24.254147	37.629307	51.237789
24.144529	37.699736	51.387170
24.034706	37.769846	51.536551
23.924680	37.839636	51.685933
23.814452	37.909105	51.835314
23.704021	37.978253	51.984695
23.593390	38.047080	52.134077
23.482559	38.115584	52.283458
23.371529	38.183766	52.432839
23.260301	38.251624	52.582221
23.148876	38.319158	52.731602
23.037255	38.386368	52.880983
22.925439	38.453252	53.030364
22.813429	38.519811	53.179746
22.701225	38.586043	53.329127
22.588829	38.651949	53.478508
22.476242	38.717527	53.627890
22.363465	38.782777	53.777271
22.250498	38.847699	53.926652
22.137342	38.912291	54.076034
22.023999	38.976555	54.225415
21.910470	39.040488	54.374796
21.796755	39.104090	54.524178
21.682855	39.167361	54.673559
21.568772	39.230300	54.822940
21.454506	39.292907	54.972321
21.340058	39.355181	55.121703
21.225429	39.417122	55.271084
21.110621	39.478729	55.420465
20.995634	39.540001	55.569847
20.880469	39.600939	55.719228
20.765127	39.661541	55.868609
20.649609	39.721808	56.017991
20.533917	39.781737	56.167372
20.418050	39.841330	56.316753
20.302010	39.900586	56.466135
20.185799	39.959503	56.615516
20.069416	40.018082	56.764897
19.952864	40.076322	56.914278
19.836143	40.134222	57.063660
19.719253	40.191783	57.213041
19.602197	40.249003	57.362422
19.484974	40.305882	57.511804
19.367586	40.362420	57.661185
19.250035	40.418616	57.810566
19.132320	40.474469	57.959948
19.014443	40.529980	58.109329
18.896406	40.585148	58.258710
18.778208	40.639971	58.408092
18.659851	40.694451	58.557473
18.541336	40.748585	58.706854
18.422664	40.802375	58.856235
18.303836	40.855819	59.005617
18.184853	40.908917	59.154998
18.065716	40.961668	59.304379
17.946425	41.014073	59.453761
17.826983	41.066130	59.603142
17.707390	41.117839	59.752523
17.587647	41.169200	59.901905
17.467755	41.220212	60.051286
17.347715	41.270875	60.200667
17.227528	41.321189	60.350049
17.107195	41.371152	60.499430
16.986717	41.420765	60.648811
16.866095	41.470028	60.798193
16.745331	41.518939	60.947574
16.624424	41.567498	61.096955
16.503377	41.615705	61.246336
16.382190	41.663560	61.395718
16.260864	41.711062	61.545099
16.139401	41.758210	61.694480
16.017800	41.805005	61.843862
15.896064	41.851445	61.993243
15.774194	41.897532	62.142624
15.652190	41.943263	62.292006
15.530053	41.988639	62.441387
15.407785	42.033659	62.590768
15.285386	42.078324	62.740150
15.162858	42.122632	62.889531
15.040201	42.166583	63.038912
14.917417	42.210177	63.188293
14.794506	42.253413	63.337675
14.671471	42.296292	63.487056
14.548311	42.338812	63.636437
14.425027	42.380974	63.785819
14.301622	42.422776	63.935200
14.178095	42.464220	64.084581
14.054449	42.505304	64.233963
13.930683	42.546027	64.383344
13.806799	42.586390	64.532725
13.682799	42.626393	64.682107
13.558682	42.666034	64.831488
13.434451	42.705315	64.980869
13.310105	42.744233	65.130250
13.185647	42.782789	65.279632
13.061078	42.820983	65.429013
12.936398	42.858814	65.578394
12.811608	42.896283	65.727776
12.686709	42.933387	65.877157
12.561704	42.970129	66.026538
12.436591	43.006506	66.175920
12.311374	43.042519	66.325301
12.186052	43.078167	66.474682
12.060627	43.113451	66.624064
11.935100	43.148369	66.773445
11.809471	43.182922	66.922826
11.683743	43.217109	67.072207
11.557916	43.250930	67.221589
11.431991	43.284385	67.370970
11.305969	43.317473	67.520351
11.179851	43.350194	67.669733
11.053638	43.382548	67.819114
10.927332	43.414534	67.968495
10.800933	43.446153	68.117877
10.674443	43.477403	68.267258
10.547863	43.508286	68.416639
10.421193	43.538800	68.566021
10.294435	43.568945	68.715402
10.167589	43.598721	68.864783
10.040658	43.628128	69.014164
9.913641	43.657165	69.163546
9.786541	43.685833	69.312927
9.659357	43.714130	69.462308
9.532092	43.742057	69.611690
9.404746	43.769614	69.761071
9.277320	43.796800	69.910452
9.149816	43.823615	70.059834
9.022234	43.850059	70.209215
8.894576	43.876131	70.358596
8.766843	43.901832	70.507978
8.639035	43.927160	70.657359
8.511154	43.952117	70.806740
8.383201	43.976702	70.956121
8.255177	44.000914	71.105503
8.127083	44.024753	71.254884
7.998920	44.048219	71.404265
7.870690	44.071313	71.553647
7.742393	44.094033	71.703028
7.614030	44.116379	71.852409
7.485603	44.138352	72.001791
7.357112	44.159951	72.151172
7.228559	44.181176	72.300553
7.099945	44.202026	72.449935
6.971270	44.222503	72.599316
6.842537	44.242604	72.748697
6.713746	44.262331	72.898078
6.584897	44.281683	73.047460
6.455993	44.300660	73.196841
6.327035	44.319262	73.346222
6.198022	44.337488	73.495604
6.068958	44.355339	73.644985
5.939841	44.372814	73.794366
5.810675	44.389913	73.943748
5.681459	44.406637	74.093129
5.552195	44.422984	74.242510
5.422885	44.438954	74.391892
5.293528	44.454549	74.541273
5.164126	44.469767	74.690654
5.034681	44.484608	74.840035
4.905193	44.499072	74.989417
4.775663	44.513160	75.138798
4.646093	44.526870	75.288179
4.516484	44.540203	75.437561
4.386836	44.553159	75.586942
4.257151	44.565738	75.736323
4.127430	44.577939	75.885705
3.997675	44.589763	76.035086
3.867885	44.601209	76.184467
3.738062	44.612277	76.333849
3.608208	44.622967	76.483230
3.478324	44.633279	76.632611
3.348410	44.643213	76.781993
3.218467	44.652769	76.931374
3.088497	44.661947	77.080755
2.958501	44.670747	77.230136
2.828480	44.679168	77.379518
2.698436	44.687211	77.528899
2.568368	44.694875	77.678280
2.438278	44.702160	77.827662
2.308168	44.709067	77.977043
2.178038	44.715596	78.126424
2.047890	44.721745	78.275806
1.917725	44.727516	78.425187
1.787543	44.732908	78.574568
1.657346	44.737921	78.723950
1.527135	44.742555	78.873331
1.396911	44.746810	79.022712
1.266675	44.750686	79.172093
1.136429	44.754183	79.321475
1.006173	44.757301	79.470856
0.875908	44.760040	79.620237
0.745636	44.762399	79.769619
0.615358	44.764380	79.919000
0.485074	44.765981	80.068381
0.354787	44.767203	80.217763
0.224496	44.768046	80.367144
0.094203	44.768510	80.516525
-0.036090	44.768594	80.665907
-0.166383	44.768300	80.815288
-0.296675	44.767626	80.964669
-0.426964	44.766573	81.114050
-0.557249	44.765141	81.263432
-0.687530	44.763329	81.412813
-0.817805	44.761139	81.562194
-0.948073	44.758569	81.711576
-1.078333	44.755620	81.860957
-1.208584	44.752292	82.010338
-1.338825	44.748585	82.159720
-1.469054	44.744499	82.309101
-1.599271	44.740034	82.458482
-1.729474	44.735191	82.607864
-1.859663	44.729968	82.757245
-1.989836	44.724366	82.906626
-2.119992	44.718385	83.056007
-2.250130	44.712026	83.205389
-2.380249	44.705288	83.354770
-2.510348	44.698171	83.504151
-2.640426	44.690676	83.653533
-2.770481	44.682802	83.802914
-2.900513	44.674550	83.952295
-3.030520	44.665919	84.101677
-3.160501	44.656910	84.251058
-3.290456	44.647522	84.400439
-3.420383	44.637757	84.549821
-3.550281	44.627613	84.699202
-3.680149	44.617092	84.848583
-3.809986	44.606192	84.997964
-3.939790	44.594915	85.147346
-4.069561	44.583259	85.296727
-4.199298	44.571227	85.446108
-4.328999	44.558816	85.595490
-4.458663	44.546029	85.744871
-4.588290	44.532864	85.894252
-4.717877	44.519321	86.043634
-4.847425	44.505402	86.193015
-4.976932	44.491106	86.342396
-5.106396	44.476433	86.491778
-5.235818	44.461383	86.641159
-5.365195	44.445956	86.790540
-5.494526	44.430153	86.939921
-5.623811	44.413974	87.089303
-5.753048	44.397419	87.238684
-5.882237	44.380487	87.388065
-6.011376	44.363180	87.537447
-6.140463	44.345496	87.686828
-6.269499	44.327438	87.836209
-6.398482	44.309003	87.985591
-6.527411	44.290194	88.134972
-6.656284	44.271009	88.284353
-6.785101	44.251449	88.433735
-6.913860	44.231515	88.583116
-7.042561	44.211205	88.732497
-7.171202	44.190522	88.881878
-7.299783	44.169464	89.031260
-7.428301	44.148032	89.180641
-7.556757	44.126226	89.330022
-7.685149	44.104046	89.479404
-7.813475	44.081492	89.628785
-7.941735	44.058565	89.778166
-8.069929	44.035265	89.927548
-8.198053	44.011592	90.076929
-8.326109	43.987547	90.226310
-8.454094	43.963128	90.375692
-8.582007	43.938338	90.525073
-8.709847	43.913175	90.674454
-8.837614	43.887640	90.823835
-8.965306	43.861733	90.973217
-9.092922	43.835455	91.122598
-9.220461	43.808806	91.271979
-9.347922	43.781785	91.421361
-9.475303	43.754394	91.570742
-9.602605	43.726632	91.720123
-9.729825	43.698500	91.869505
-9.856962	43.669997	92.018886
-9.984016	43.641125	92.168267
-10.110986	43.611883	92.317649
-10.237870	43.582271	92.467030
-10.364667	43.552291	92.616411
-10.491377	43.521941	92.765792
-10.617997	43.491223	92.915174
-10.744528	43.460137	93.064555
-10.870967	43.428682	93.213936
-10.997315	43.396860	93.363318
-11.123569	43.364669	93.512699
-11.249729	43.332112	93.662080
-11.375794	43.299188	93.811462
-11.501763	43.265897	93.960843
-11.627634	43.232239	94.110224
-11.753406	43.198215	94.259606
-11.879080	43.163825	94.408987
-12.004652	43.129070	94.558368
-12.130123	43.093949	94.707750
-12.255491	43.058464	94.857131
-12.380755	43.022613	95.006512
-12.505914	42.986399	95.155893
-12.630968	42.949820	95.305275
-12.755914	42.912877	95.454656
-12.880752	42.875571	95.604037
-13.005482	42.837901	95.753419
-13.130101	42.799869	95.902800
-13.254609	42.761475	96.052181
-13.379004	42.722718	96.201563
-13.503287	42.683599	96.350944
-13.627454	42.644118	96.500325
-13.751507	42.604277	96.649707
-13.875443	42.564074	96.799088
-13.999261	42.523512	96.948469
-14.122961	42.482588	97.097850
-14.246542	42.441305	97.247232
-14.370001	42.399663	97.396613
-14.493339	42.357661	97.545994
-14.616554	42.315301	97.695376
-14.739645	42.272582	97.844757
-14.862612	42.229505	97.994138
-14.985453	42.186071	98.143520
-15.108166	42.142279	98.292901
-15.230752	42.098130	98.442282
-15.353209	42.053625	98.591664
-15.475535	42.008763	98.741045
-15.597731	41.963545	98.890426
-15.719794	41.917973	99.039807
-15.841724	41.872045	99.189189
-15.963520	41.825762	99.338570
-16.085181	41.779125	99.487951
-16.206706	41.732134	99.637333
-16.328093	41.684790	99.786714
-16.449342	41.637093	99.936095
-16.570452	41.589043	100.085477
-16.691421	41.540640	100.234858
-16.812249	41.491886	100.384239
-16.932935	41.442781	100.533621
-17.053477	41.393324	100.683002
-17.173875	41.343517	100.832383
-17.294127	41.293359	100.981764
-17.414233	41.242852	101.131146
-17.534191	41.191996	101.280527
-17.654001	41.140790	101.429908
-17.773661	41.089236	101.579290
-17.893171	41.037334	101.728671
-18.012529	40.985085	101.878052
-18.131734	40.932488	102.027434
-18.250786	40.879544	102.176815
-18.369683	40.826255	102.326196
-18.488425	40.772619	102.475578
-18.607010	40.718638	102.624959
-18.725438	40.664313	102.774340
-18.843707	40.609643	102.923721
-18.961816	40.554628	103.073103
-19.079765	40.499271	103.222484
-19.197552	40.443570	103.371865
-19.315176	40.387527	103.521247
-19.432637	40.331141	103.670628
-19.549934	40.274414	103.820009
-19.667064	40.217346	103.969391
-19.784028	40.159937	104.118772
-19.900825	40.102189	104.268153
-20.017453	40.044100	104.417535
-20.133911	39.985672	104.566916
-20.250199	39.926906	104.716297
-20.366315	39.867801	104.865678
-20.482259	39.808359	105.015060
-20.598030	39.748579	105.164441
-20.713625	39.688463	105.313822
-20.829046	39.628010	105.463204
-20.944290	39.567222	105.612585
-21.059356	39.506099	105.761966
-21.174245	39.444641	105.911348
-21.288954	39.382849	106.060729
-21.403482	39.320724	106.210110
-21.517829	39.258265	106.359492
-21.631994	39.195474	106.508873
-21.745976	39.132351	106.658254
-21.859774	39.068896	106.807635
-21.973386	39.005111	106.957017
-22.086812	38.940995	107.106398
-22.200051	38.876549	107.255779
-22.313103	38.811774	107.405161
-22.425965	38.746670	107.554542
-22.538637	38.681238	107.703923
-22.651118	38.615479	107.853305
-22.763408	38.549392	108.002686
-22.875504	38.482979	108.152067
-22.987407	38.416240	108.301449
-23.099115	38.349175	108.450830
-23.210628	38.281786	108.600211
-23.321944	38.214072	108.749592
-23.433062	38.146035	108.898974
-23.543982	38.077674	109.048355
-23.654702	38.008991	109.197736
-23.765222	37.939986	109.347118
-23.875541	37.870660	109.496499
-23.985658	37.801013	109.645880
-24.095571	37.731046	109.795262
-24.205280	37.660759	109.944643
-24.314785	37.590153	110.094024
-24.424083	37.519229	110.243406
-24.533174	37.447987	110.392787
-24.642058	37.376427	110.542168
-24.750733	37.304552	110.691550
-24.859198	37.232360	110.840931
-24.967453	37.159853	110.990312
-25.075496	37.087031	111.139693
-25.183327	37.013895	111.289075
-25.290944	36.940445	111.438456
-25.398348	36.866683	111.587837
-25.505536	36.792608	111.737219
-25.612508	36.718221	111.886600
-25.719263	36.643524	112.035981
-25.825800	36.568516	112.185363
-25.932119	36.493199	112.334744
-26.038218	36.417572	112.484125
-26.144096	36.341637	112.633507
-26.249753	36.265394	112.782888
-26.355188	36.188844	112.932269
-26.460399	36.111987	113.081650
-26.565386	36.034825	113.231032
-26.670149	35.957357	113.380413
-26.774685	35.879585	113.529794
-26.878994	35.801509	113.679176
-26.983076	35.723129	113.828557
-27.086929	35.644447	113.977938
-27.190553	35.565463	114.127320
-27.293947	35.486178	114.276701
-27.397109	35.406592	114.426082
-27.500039	35.326706	114.575464
-27.602737	35.246521	114.724845
-27.705200	35.166038	114.874226
-27.807429	35.085257	115.023607
-27.909423	35.004178	115.172989
-28.011180	34.922803	115.322370
-28.112699	34.841132	115.471751
-28.213981	34.759166	115.621133
-28.315023	34.676906	115.770514
-28.415826	34.594352	115.919895
-28.516388	34.511505	116.069277
-28.616709	34.428365	116.218658
-28.716787	34.344934	116.368039
-28.816622	34.261212	116.517421
-28.916212	34.177200	116.666802
-29.015558	34.092899	116.816183
-29.114658	34.008308	116.965564
-29.213512	33.923430	117.114946
-29.312118	33.838264	117.264327
-29.410476	33.752811	117.413708
-29.508584	33.667073	117.563090
-29.606443	33.581050	117.712471
-29.704051	33.494742	117.861852
-29.801407	33.408150	118.011234
-29.898511	33.321275	118.160615
-29.995362	33.234118	118.309996
-30.091958	33.146680	118.459378
-30.188300	33.058961	118.608759
-30.284386	32.970962	118.758140
-30.380215	32.882683	118.907521
-30.475788	32.794126	119.056903
-30.571102	32.705292	119.206284
-30.666157	32.616180	119.355665
-30.760952	32.526792	119.505047
-30.855487	32.437128	119.654428
-30.949760	32.347190	119.803809
-31.043771	32.256978	119.953191
-31.137520	32.166492	120.102572
-31.231004	32.075734	120.251953
-31.324224	31.984705	120.401335
-31.417179	31.893404	120.550716
-31.509867	31.801833	120.700097
-31.602289	31.709993	120.849478
-31.694443	31.617885	120.998860
-31.786329	31.525508	121.148241
-31.877945	31.432865	121.297622
-31.969291	31.339955	121.447004
-32.060367	31.246780	121.596385
-32.151171	31.153340	121.745766
-32.241702	31.059636	121.895148
-32.331961	30.965669	122.044529
-32.421945	30.871440	122.193910
-32.511655	30.776949	122.343292
-32.601090	30.682198	122.492673
-32.690249	30.587187	122.642054
-32.779130	30.491917	122.791435
-32.867734	30.396388	122.940817
-32.956060	30.300602	123.090198
-33.044106	30.204559	123.239579
-33.131873	30.108261	123.388961
-33.219359	30.011707	123.538342
-33.306563	29.914899	123.687723
-33.393485	29.817838	123.837105
-33.480125	29.720525	123.986486
-33.566481	29.622959	124.135867
-33.652553	29.525143	124.285249
-33.738339	29.427076	124.434630
-33.823840	29.328761	124.584011
-33.909054	29.230196	124.733392
-33.993981	29.131385	124.882774
-34.078621	29.032326	125.032155
-34.162971	28.933022	125.181536
-34.247032	28.833472	125.330918
-34.330803	28.733679	125.480299
-34.414284	28.633642	125.629680
-34.497472	28.533362	125.779062
-34.580369	28.432841	125.928443
-34.662973	28.332079	126.077824
-34.745283	28.231077	126.227206
-34.827298	28.129835	126.376587
-34.909019	28.028356	126.525968
-34.990444	27.926639	126.675349
-35.071573	27.824686	126.824731
-35.152404	27.722496	126.974112
-35.232938	27.620073	127.123493
-35.313174	27.517415	127.272875
-35.393110	27.414524	127.422256
-35.472747	27.311400	127.571637
-35.552083	27.208046	127.721019
-35.631118	27.104461	127.870400
-35.709851	27.000646	128.019781
-35.788281	26.896603	128.169163
-35.866409	26.792332	128.318544
-35.944233	26.687834	128.467925
-36.021752	26.583110	128.617307
-36.098966	26.478161	128.766688
-36.175875	26.372987	128.916069
-36.252476	26.267590	129.065450
-36.328771	26.161971	129.214832
-36.404759	26.056130	129.364213
-36.480437	25.950068	129.513594
-36.555807	25.843787	129.662976
-36.630867	25.737286	129.812357
-36.705617	25.630568	129.961738
-36.780056	25.523632	130.111120
-36.854184	25.416481	130.260501
-36.927999	25.309114	130.409882
-37.001502	25.201532	130.559264
-37.074691	25.093738	130.708645
-37.147566	24.985730	130.858026
-37.220126	24.877511	131.007407
-37.292371	24.769081	131.156789
-37.364301	24.660442	131.306170
-37.435913	24.551593	131.455551
-37.507209	24.442537	131.604933
-37.578187	24.333274	131.754314
-37.648847	24.223804	131.903695
-37.719188	24.114130	132.053077
-37.789209	24.004251	132.202458
-37.858910	23.894168	132.351839
-37.928291	23.783884	132.501221
-37.997350	23.673397	132.650602
-38.066087	23.562711	132.799983
-38.134502	23.451825	132.949364
-38.202594	23.340740	133.098746
-38.270363	23.229457	133.248127
-38.337807	23.117978	133.397508
-38.404927	23.006303	133.546890
-38.471721	22.894433	133.696271
-38.538189	22.782369	133.845652
-38.604331	22.670112	133.995034
-38.670146	22.557663	134.144415
-38.735633	22.445023	134.293796
-38.800793	22.332193	134.443178
-38.865623	22.219174	134.592559
-38.930124	22.105966	134.743276
-38.994083	21.992451	134.897198
-39.057217	21.878472	135.049783
-39.120030	21.764316	135.199162
-39.182512	21.649978	135.348541
-39.244620	21.535437	135.504283
-39.305359	21.420150	135.662733
-39.365401	21.304489	135.814814
-39.425142	21.188674	135.964176
-39.484532	21.072677	136.114510
-39.543292	20.956353	136.272950
-39.600434	20.839183	136.430386
-39.657409	20.721938	136.579714
-39.714043	20.604528	136.729042
-39.770218	20.486893	136.883032
-39.825179	20.368647	137.041412
-39.879221	20.249949	137.195105
-39.933059	20.131166	137.344382
-39.986552	20.012227	137.493659
-40.039400	19.892983	137.651284
-40.090517	19.772901	137.809572
-40.141506	19.652779	137.959508
-40.192175	19.532524	138.108716
-40.242363	19.412058	138.260885
-40.291432	19.291077	138.419136
-40.339294	19.169546	138.574369
-40.387117	19.048025	138.723492
-40.434585	18.926364	138.872615
-40.481332	18.804394	139.028382
-40.526492	18.681719	139.186494
-40.571294	18.558913	139.337937
-40.615889	18.436044	139.486958
-40.660045	18.313009	139.637240
-40.703117	18.189519	139.795303
-40.744624	18.065370	139.952000
-40.786324	17.941344	140.100902
-40.827662	17.817196	140.249804
-40.868267	17.692766	140.403645
-40.907367	17.567726	140.561522
-40.945812	17.442449	140.714398
-40.984230	17.317203	140.863163
-41.022282	17.191844	141.011929
-41.059223	17.066063	141.169304
-41.094316	16.939562	141.326962
-41.129754	16.813253	141.476008
-41.164863	16.686856	141.624620
-41.199292	16.560230	141.776472
-41.232238	16.433059	141.934055
-41.264160	16.305534	142.088288
-41.296306	16.178151	142.236730
-41.328078	16.050672	142.385172
-41.358738	15.922813	142.540516
-41.387621	15.794330	142.697834
-41.416542	15.665919	142.848208
-41.445330	15.537515	142.996463
-41.473561	15.408957	143.146262
-41.500264	15.279892	143.303492
-41.525504	15.150353	143.459005
-41.551289	15.021075	143.607055
-41.576694	14.891720	143.755106
-41.601051	14.762052	143.908357
-41.623641	14.631825	144.065275
-41.645891	14.501547	144.216900
-41.668273	14.371381	144.364730
-41.690271	14.241147	144.512559
-41.710644	14.110427	144.669232
-41.729094	13.979131	144.825806
-41.748416	13.848201	144.973539
-41.767372	13.717219	145.121131
-41.785416	13.586008	145.272228
-41.801636	13.454280	145.428687
-41.817065	13.322377	145.581485
-41.832963	13.190700	145.728822
-41.848472	13.058974	145.876159
-41.862435	12.926843	146.030634
-41.874470	12.794201	146.186702
-41.886989	12.661791	146.335582
-41.899423	12.529434	146.482648
-41.911152	12.396945	146.631533
-41.920930	12.263964	146.787476
-41.929395	12.130690	146.941364
-41.938741	11.997757	147.088141
-41.947691	11.864793	147.234918
-41.955243	11.731521	147.387137
-41.960799	11.597783	147.542642
-41.966377	11.464145	147.692589
-41.972223	11.330671	147.839060
-41.977641	11.197168	147.985678
-41.980915	11.063187	148.141046
-41.982282	10.928804	148.295942
-41.985012	10.794874	148.442092
-41.987341	10.660932	148.588242
-41.988493	10.526787	148.738148
-41.987510	10.392208	148.893032
-41.986015	10.257607	149.043963
-41.985214	10.123276	149.189774
-41.984009	9.988944	149.335586
-41.980790	9.854235	149.488745
-41.975533	9.719157	149.643114
-41.971250	9.584414	149.790081
-41.966903	9.449758	149.935537
-41.961672	9.315007	150.083077
-41.954098	9.179845	150.237282
-41.945408	9.044555	150.389112
-41.937910	8.909634	150.534197
-41.930003	8.774731	150.679282
-41.920317	8.639567	150.830028
-41.908443	8.504071	150.983671
-41.896997	8.368781	151.131517
-41.885928	8.233680	151.276213
-41.874340	8.098588	151.421336
-41.860131	7.963107	151.574804
-41.844130	7.827413	151.727449
-41.829892	7.692172	151.871740
-41.815240	7.556970	152.016031
-41.799117	7.421621	152.164313
-41.780587	7.285972	152.317173
-41.761867	7.150421	152.465813
-41.744038	7.015148	152.609683
-41.725792	6.879924	152.753553
-41.705035	6.744414	152.904953
-41.682174	6.608701	153.057176
-41.660814	6.473359	153.201817
-41.639384	6.338134	153.345249
-41.616861	6.202869	153.491016
-41.591643	6.067339	153.643037
-41.565547	5.931824	153.792384
-41.540927	5.796655	153.935362
-41.515887	5.661558	154.078340
-41.488658	5.526299	154.227176
-41.459096	5.390875	154.378514
-41.430404	5.255710	154.523844
-41.402168	5.120740	154.666352
-41.373293	4.985828	154.809558
-41.341362	4.850693	154.960683
-41.307799	4.715521	155.110648
-41.276365	4.580740	155.252669
-41.244508	4.446053	155.394690
-41.210860	4.311318	155.540915
-41.174576	4.176462	155.691311
-41.138464	4.041781	155.837244
-41.103406	3.907354	155.978762
-41.067925	3.773033	156.120279
-41.029412	3.638587	156.269480
-40.988776	3.504119	156.419116
-40.950198	3.369987	156.561027
-40.911512	3.235998	156.702026
-40.871502	3.102059	156.845595
-40.828487	2.968055	156.994994
-40.784877	2.834179	157.141439
-40.742988	2.700586	157.281903
-40.700673	2.567120	157.422366
-40.655740	2.433653	157.568858
-40.608374	2.300215	157.717453
-40.562352	2.167027	157.859863
-40.516833	2.034031	157.999775
-40.470529	1.901158	158.140647
-40.420780	1.768297	158.288992
-40.369605	1.635557	158.435860
-40.320885	1.503093	158.575204
-40.271738	1.370781	158.714549
-40.220457	1.238568	158.858291
-40.166365	1.106454	159.005788
-40.112836	0.974543	159.148607
-40.060490	0.842838	159.287369
-40.007715	0.711297	159.426130
-39.951379	0.579876	159.572694
-39.892951	0.448622	159.719313
-39.837154	0.317587	159.858099
-39.781185	0.186730	159.996262
-39.723637	0.056047	160.137214
-39.662830	-0.074444	160.283557
-39.601744	-0.204734	160.426695
-39.542586	-0.334842	160.564243
-39.482998	-0.464761	160.701790
-39.420353	-0.594452	160.845510
-39.355226	-0.723897	160.990932
-39.291937	-0.853172	161.130026
-39.229167	-0.982265	161.266943
-39.165440	-1.111142	161.405067
-39.097941	-1.239707	161.550203
-39.029261	-1.368017	161.693566
-38.963316	-1.496216	161.829837
-38.896941	-1.624203	161.966108
-38.828081	-1.751882	162.106945
-38.756285	-1.879210	162.251116
-38.685471	-2.006366	162.390426
-38.615931	-2.133380	162.526036
-38.545961	-2.260168	162.661645
-38.471901	-2.386499	162.805144
-38.395828	-2.512474	162.948320
-38.322968	-2.638437	163.083598
-38.249843	-2.764172	163.218530
-38.174871	-2.889559	163.356450
-38.096445	-3.014455	163.499316
-38.018088	-3.139120	163.638749
-37.941819	-3.263734	163.772988
-37.865123	-3.388095	163.907228
-37.784928	-3.511916	164.047752
-37.702258	-3.635263	164.189581
-37.621930	-3.758597	164.324975
-37.542103	-3.881755	164.458507
-37.461131	-4.004569	164.593477
-37.376124	-4.126711	164.734985
-37.290220	-4.248500	164.874445
-37.207277	-4.370385	165.007254
-37.123908	-4.491991	165.140063
-37.037697	-4.613014	165.277580
-36.948488	-4.733407	165.418009
-36.860694	-4.853725	165.553425
-36.774225	-4.973974	165.685495
-36.687331	-5.093929	165.817566
-36.595833	-5.212991	165.957575
-36.502452	-5.331513	166.096896
-36.412857	-5.450328	166.228292
-36.322881	-5.568842	166.359609
-36.230784	-5.686779	166.494090
-36.135104	-5.803885	166.633066
-36.039863	-5.920786	166.768409
-35.946824	-6.037788	166.898958
-35.853364	-6.154465	167.029506
-35.755979	-6.270203	167.166420
-35.656181	-6.385232	167.304247
-35.559226	-6.500491	167.435567
-35.462724	-6.615570	167.565333
-35.365340	-6.730221	167.695924
-35.265644	-6.844160	167.829547
-35.165452	-6.957724	167.962026
-35.066602	-7.071281	168.091394
-34.967336	-7.184487	168.220762
-34.867654	-7.297341	168.350130
-34.767555	-7.409840	168.479498
-34.667041	-7.521981	168.608866
-34.566111	-7.633763	168.738234
-34.464767	-7.745182	168.867602
-34.363008	-7.856238	168.996970
-34.260835	-7.966927	169.126338
-34.158248	-8.077246	169.255706
-34.055248	-8.187195	169.385074
-33.951835	-8.296770	169.514442
-33.848010	-8.405969	169.643810
-33.743772	-8.514789	169.773178
-33.639123	-8.623229	169.902546
-33.534063	-8.731285	170.031914
-33.428592	-8.838956	170.161282
-33.322711	-8.946239	170.290650
-33.216421	-9.053132	170.420018
-33.109721	-9.159632	170.549386
-33.002613	-9.265737	170.678754
-32.895096	-9.371444	170.808122
-32.787172	-9.476750	170.937490
-32.678841	-9.581655	171.066858
-32.570103	-9.686154	171.196226
-32.460960	-9.790245	171.325594
-32.351411	-9.893927	171.454962
-32.241458	-9.997196	171.584330
-32.131101	-10.100049	171.713698
-32.020340	-10.202486	171.843066
-31.909176	-10.304502	171.972434
-31.797610	-10.406095	172.101802
-31.685643	-10.507264	172.231170
-31.573275	-10.608004	172.360538
-31.460506	-10.708315	172.489906
-31.347339	-10.808192	172.619274
-31.233772	-10.907634	172.748642
-31.119808	-11.006638	172.878010
-31.005446	-11.105201	173.007378
-30.890688	-11.203320	173.136746
-30.775534	-11.300994	173.266114
-30.659985	-11.398220	173.395482
-30.544042	-11.494994	173.524850
-30.427706	-11.591314	173.654218
-30.310977	-11.687178	173.783586
-30.193857	-11.782582	173.912954
-30.076345	-11.877525	174.042322
-29.958444	-11.972003	174.171690
-29.840154	-12.066014	174.301058
-29.721475	-12.159554	174.430426
-29.602410	-12.252623	174.559794
-29.482958	-12.345215	174.689162
-29.363120	-12.437330	174.818530
-29.242898	-12.528963	174.947898
-29.122293	-12.620113	175.077266
-29.001305	-12.710777	175.206634
-28.879936	-12.800951	175.336002
-28.758186	-12.890633	175.465370
-28.636057	-12.979820	175.594738
-28.513550	-13.068510	175.724106
-28.390665	-13.156699	175.853474
-28.267404	-13.244385	175.982842
-28.143768	-13.331565	176.112210
-28.019758	-13.418236	176.241578
-27.895376	-13.504395	176.370946
-27.770621	-13.590039	176.500314
-27.645497	-13.675166	176.629682
-27.520003	-13.759772	176.759050
-27.394140	-13.843855	176.888418
-27.267912	-13.927412	177.017786
-27.141317	-14.010440	177.147154
-27.014358	-14.092935	177.276522
-26.887036	-14.174895	177.405890
-26.759353	-14.256317	177.535258
-26.631309	-14.337199	177.664626
-26.502906	-14.417536	177.793994
-26.374145	-14.497327	177.923362
-26.245028	-14.576567	178.052730
-26.115556	-14.655255	178.182098
-25.985731	-14.733387	178.311466
-25.855553	-14.810960	178.440834
-25.725025	-14.887971	178.570202
-25.594148	-14.964417	178.699570
-25.462923	-15.040295	178.828938
-25.331352	-15.115602	178.958306
-25.199437	-15.190334	179.087674
-25.067179	-15.264490	179.217042
-24.934579	-15.338065	179.346411
-24.801640	-15.411057	179.475779
-24.668362	-15.483462	179.605147
-24.534749	-15.555278	179.734515
-24.400800	-15.626501	179.863883
-24.266518	-15.697128	179.993251
-24.131905	-15.767156	180.122619
-23.996962	-15.836582	180.251987
-23.861692	-15.905402	180.381355
-23.726095	-15.973614	180.510723
-23.590175	-16.041214	180.640091
-23.453932	-16.108200	180.769459
-23.317368	-16.174567	180.898827
-23.180486	-16.240313	181.028195
-23.043287	-16.305434	181.157563
-22.905773	-16.369928	181.286931
-22.767947	-16.433791	181.416299
-22.629810	-16.497019	181.545667
-22.491364	-16.559610	181.675035
-22.352612	-16.621560	181.804403
-22.213555	-16.682866	181.933771
-22.074195	-16.743525	182.063139
-21.934535	-16.803533	182.192507
-21.794577	-16.862887	182.321875
-21.654323	-16.921584	182.451243
-21.513816	-16.979654	182.580519
-21.374760	-17.038448	182.705961
-21.235879	-17.096975	182.831877
-21.097465	-17.155477	182.956017
-20.960482	-17.214755	183.078419
-20.822410	-17.272751	183.203494
-20.685486	-17.331315	183.326392
-20.547833	-17.388881	183.452209
-20.410970	-17.446731	183.575596
-20.274442	-17.504489	183.700376
-20.137167	-17.561219	183.826173
-20.001087	-17.618611	183.950760
-19.863936	-17.674679	184.078000
-19.727915	-17.731371	184.203052
-19.591178	-17.787039	184.330989
-19.455214	-17.843031	184.456500
-19.319331	-17.898722	184.583884
-19.183141	-17.953753	184.711190
-19.047945	-18.009341	184.837827
-18.911699	-18.063561	184.967101
-18.776558	-18.118463	185.094171
-18.640716	-18.172315	185.224098
-18.505629	-18.226531	185.351598
-18.370406	-18.280244	185.481472
-18.235239	-18.333643	185.610140
-18.100899	-18.387510	185.738690
-17.965529	-18.439964	185.869864
-17.831239	-18.493160	185.998817
-17.696260	-18.545276	186.130600
-17.562018	-18.597799	186.259951
-17.427460	-18.649627	186.392199
-17.293244	-18.701458	186.522080
-17.159722	-18.753688	186.652405
-17.025192	-18.804457	186.785346
-16.891711	-18.856028	186.916042
-16.757556	-18.906490	187.049546
-16.624115	-18.957404	187.180609
-16.490328	-19.007570	187.314660
-16.356925	-19.057827	187.446085
-16.224016	-19.108316	187.578467
-16.090385	-19.157606	187.712586
-15.957664	-19.207635	187.844885
-15.824282	-19.256524	187.979973
-15.691592	-19.305910	188.112607
-15.558557	-19.354532	188.248196
-15.425895	-19.403276	188.381160
-15.293531	-19.452062	188.515597
-15.160742	-19.499971	188.650614
-15.028723	-19.548539	188.784374
-14.896056	-19.595933	188.920907
-14.764054	-19.643872	189.054970
-14.631712	-19.691029	189.191956
-14.499726	-19.738339	189.326317
-14.367880	-19.785518	189.462684
-14.235836	-19.832103	189.598447
-14.104450	-19.879287	189.733524
-13.972431	-19.925265	189.871362
-13.841049	-19.971834	190.006709
-13.709329	-20.017602	190.144953
-13.577948	-20.063556	190.280566
-13.446582	-20.109226	190.418733
-13.315180	-20.154534	190.555093
-13.184350	-20.200412	190.691342
-13.052905	-20.245047	190.830342
-12.922064	-20.290321	190.966829
-12.790887	-20.334776	191.106188
-12.660032	-20.379448	191.242907
-12.529114	-20.423730	191.382609
-12.398243	-20.467801	191.519554
-12.267858	-20.512399	191.656957
-12.136918	-20.555790	191.796845
-12.006532	-20.599841	191.934323
-11.875815	-20.643052	192.074655
-11.745398	-20.686513	192.212333
-11.614907	-20.729577	192.352959
-11.484456	-20.772450	192.490830
-11.354353	-20.815695	192.629702
-11.223863	-20.857976	192.769856
-11.093839	-20.900872	192.908178
-10.963489	-20.942906	193.049339
-10.833416	-20.985224	193.187827
-10.703257	-21.027135	193.329234
-10.573132	-21.068876	193.467883
-10.443243	-21.110859	193.608087
-10.313082	-21.152064	193.748357
-10.183322	-21.193868	193.887375
-10.053240	-21.234788	194.029219
-9.923411	-21.276025	194.168369
-9.793484	-21.316844	194.310410
-9.663583	-21.357515	194.449688
-9.533834	-21.398324	194.591088
-9.403879	-21.438478	194.731323
-9.274277	-21.479250	194.870887
-9.144360	-21.519113	195.013269
-9.014669	-21.559327	195.152932
-8.884868	-21.599109	195.295462
-8.755084	-21.638767	195.435218
-8.625390	-21.678490	195.577672
-8.495518	-21.717611	195.717725
-8.365964	-21.757402	195.857684
-8.236105	-21.796261	196.000458
-8.106440	-21.835504	196.140483
-7.976655	-21.874300	196.283356
-7.846877	-21.912996	196.423440
-7.717153	-21.951735	196.566394
-7.587258	-21.989884	196.706533
-7.457609	-22.028659	196.847145
-7.327699	-22.066576	196.989753
-7.197947	-22.104894	197.129989
-7.068065	-22.142750	197.273058
-6.938176	-22.180527	197.413319
-6.808313	-22.218341	197.556421
-6.678286	-22.255580	197.696703
-6.548430	-22.293367	197.838030
-6.418345	-22.330361	197.978575
-6.288418	-22.367899	198.103299
-6.158872	-22.406817	198.221392
-6.029675	-22.447059	198.339797
-5.900810	-22.488622	198.458092
-5.772261	-22.531510	198.576239
-5.644011	-22.575723	198.694198
-5.516045	-22.621261	198.811931
-5.388347	-22.668125	198.929398
-5.260899	-22.716314	199.046562
-5.133686	-22.765826	199.163383
-5.006691	-22.816660	199.279823
-4.879898	-22.868812	199.395844
-4.753289	-22.922278	199.511407
-4.626849	-22.977055	199.626474
-4.500560	-23.033137	199.741007
-4.374598	-23.091529	199.858470
-4.249449	-23.155075	199.989941
-4.124572	-23.221249	200.132697
-3.999352	-23.286793	200.275750
-3.873779	-23.351619	200.418803
-3.747857	-23.415728	200.561856
-3.621591	-23.479118	200.704908
-3.494985	-23.541790	200.847961
-3.368046	-23.603742	200.991014
-3.240776	-23.664974	201.134067
-3.113181	-23.725486	201.277119
-2.985265	-23.785278	201.420172
-2.857033	-23.844349	201.563225
-2.728490	-23.902699	201.706278
-2.599641	-23.960329	201.849331
-2.470489	-24.017236	201.992383
-2.341039	-24.073422	202.135436
-2.211297	-24.128887	202.278489
-2.081266	-24.183629	202.421542
-1.950951	-24.237650	202.564594
-1.820357	-24.290948	202.707647
-1.689487	-24.343524	202.850700
-1.558347	-24.395378	202.993753
-1.426942	-24.446510	203.136805
-1.295274	-24.496919	203.279858
-1.163349	-24.546607	203.422911
-1.031172	-24.595572	203.565964
-0.898746	-24.643815	203.709016
-0.766076	-24.691336	203.852069
-0.633167	-24.738136	203.995122
-0.500022	-24.784213	204.138175
-0.366645	-24.829570	204.281227
-0.233043	-24.874204	204.424280
-0.099217	-24.918118	204.567333
0.034826	-24.961311	204.710386
0.169084	-25.003783	204.853438
0.303551	-25.045535	204.996491
0.438224	-25.086567	205.139544
0.573098	-25.126879	205.282597
0.708169	-25.166471	205.425649
0.843470	-25.206446	205.572382
0.978994	-25.246230	205.723329
1.114646	-25.283486	205.870804
1.250426	-25.318851	206.014257
1.386377	-25.353499	206.157710
1.522493	-25.387431	206.301163
1.658771	-25.420645	206.444616
1.795206	-25.453144	206.588069
1.931796	-25.484928	206.731522
2.068535	-25.515997	206.874975
2.205420	-25.546351	207.018427
2.342447	-25.575992	207.161880
2.479612	-25.604919	207.305333
2.616911	-25.633134	207.448786
2.754340	-25.660637	207.592239
2.891895	-25.687428	207.735692
3.029573	-25.713509	207.879145
3.167369	-25.738880	208.022598
3.305280	-25.763542	208.166050
3.443302	-25.787495	208.309503
3.581430	-25.810740	208.452956
3.719663	-25.833278	208.596409
3.857994	-25.855110	208.739862
3.996422	-25.876236	208.883315
4.134942	-25.896657	209.026768
4.273550	-25.916374	209.170221
4.412242	-25.935388	209.313673
4.551016	-25.953699	209.457126
4.689867	-25.971309	209.600579
4.828792	-25.988219	209.744032
4.967787	-26.004428	209.887485
5.106848	-26.019939	210.030938
5.245972	-26.034751	210.174391
5.385156	-26.048867	210.317844
5.524395	-26.062286	210.461296
5.663686	-26.075010	210.604749
5.803026	-26.087040	210.748202
5.942411	-26.098377	210.891655
6.081838	-26.109022	211.035108
6.221303	-26.118975	211.178561
6.361135	-26.129603	211.326878
6.501002	-26.139492	211.478349
6.640447	-26.146840	211.625099
6.779713	-26.152710	211.768941
6.918994	-26.157895	211.912784
7.058286	-26.162397	212.056626
7.197586	-26.166216	212.200469
7.336891	-26.169354	212.344312
7.476198	-26.171812	212.488154
7.615503	-26.173590	212.631997
7.754803	-26.174691	212.775839
7.894095	-26.175114	212.919682
8.033375	-26.174862	213.063525
8.172640	-26.173936	213.207367
8.311887	-26.172336	213.351210
8.451113	-26.170065	213.495052
8.590315	-26.167122	213.638895
8.729489	-26.163510	213.782738
8.868632	-26.159229	213.926580
9.007742	-26.154281	214.070423
9.146814	-26.148667	214.214265
9.285846	-26.142388	214.358108
9.424836	-26.135446	214.501951
9.563779	-26.127842	214.645793
9.702672	-26.119577	214.789636
9.841514	-26.110653	214.933478
9.980300	-26.101070	215.077321
10.119027	-26.090831	215.221164
10.257693	-26.079936	215.365006
10.396295	-26.068387	215.508849
10.534830	-26.056185	215.652691
10.673294	-26.043331	215.796534
10.811685	-26.029828	215.940376
10.950000	-26.015675	216.084219
11.088236	-26.000876	216.228062
11.226390	-25.985430	216.371904
11.364459	-25.969340	216.515747
11.502441	-25.952607	216.659589
11.640332	-25.935232	216.803432
11.778130	-25.917217	216.947275
11.916649	-25.900340	217.098155
12.054644	-25.881863	217.250184
12.191670	-25.860875	217.395205
12.328496	-25.839060	217.539426
12.465208	-25.816614	217.683648
12.601805	-25.793539	217.827869
12.738284	-25.769836	217.972091
12.874642	-25.745507	218.116313
13.010876	-25.720554	218.260534
13.146984	-25.694978	218.404756
13.282964	-25.668780	218.548977
13.418812	-25.641963	218.693199
13.554526	-25.614527	218.837421
13.690103	-25.586474	218.981642
13.825541	-25.557805	219.125864
13.960837	-25.528523	219.270085
14.095989	-25.498629	219.414307
14.230994	-25.468123	219.558528
14.365849	-25.437009	219.702750
14.500552	-25.405287	219.846972
14.635101	-25.372960	219.991193
14.769493	-25.340027	220.135415
14.903725	-25.306492	220.279636
15.037796	-25.272356	220.423858
15.171702	-25.237621	220.568080
15.305441	-25.202287	220.712301
15.439011	-25.166357	220.856523
15.572409	-25.129833	221.000744
15.705634	-25.092715	221.144966
15.838682	-25.055006	221.289187
15.971551	-25.016707	221.433409
16.104239	-24.977821	221.577631
16.236744	-24.938347	221.721852
16.369062	-24.898289	221.866074
16.501193	-24.857648	222.010295
16.633134	-24.816426	222.154517
16.764881	-24.774623	222.298739
16.896434	-24.732243	222.442960
17.027790	-24.689286	222.587182
17.159299	-24.646261	222.733695
17.291233	-24.603544	222.885930
17.422042	-24.558924	223.036139
17.551796	-24.512536	223.180728
17.681336	-24.465583	223.325318
17.810662	-24.418068	223.469907
17.939770	-24.369991	223.614497
18.068659	-24.321355	223.759086
18.197326	-24.272161	223.903676
18.325770	-24.222411	224.048266
18.453988	-24.172107	224.192855
18.581978	-24.121250	224.337445
18.709738	-24.069842	224.482034
18.837266	-24.017886	224.626624
18.964560	-23.965382	224.771213
19.091618	-23.912333	224.915803
19.218438	-23.858739	225.060392
19.345018	-23.804604	225.204982
19.471356	-23.749929	225.349571
19.597450	-23.694715	225.494161
19.723298	-23.638964	225.638750
19.848897	-23.582678	225.783340
19.974247	-23.525859	225.927929
20.099346	-23.468509	226.072519
20.224190	-23.410629	226.217108
20.348779	-23.352222	226.361698
20.473110	-23.293288	226.506287
20.597182	-23.233830	226.650877
20.720993	-23.173850	226.795466
20.844540	-23.113349	226.940056
20.967822	-23.052329	227.084646
21.090838	-22.990793	227.229235
21.213585	-22.928741	227.373825
21.336062	-22.866176	227.518414
21.458266	-22.803099	227.663004
21.580197	-22.739513	227.807593
21.701851	-22.675418	227.952183
21.823229	-22.610818	228.096772
21.944326	-22.545713	228.241362
22.065143	-22.480106	228.385951
22.186830	-22.415162	228.536903
22.307721	-22.349185	228.689755
22.426989	-22.281364	228.836311
22.545681	-22.212768	228.981257
22.664080	-22.143681	229.126203
22.782183	-22.074108	229.271149
22.899990	-22.004048	229.416095
23.017498	-21.933505	229.561041
23.134706	-21.862479	229.705987
23.251613	-21.790974	229.850933
23.368216	-21.718990	229.995879
23.484515	-21.646529	230.140826
23.600507	-21.573594	230.285772
23.716192	-21.500186	230.430718
23.831567	-21.426308	230.575664
23.946631	-21.351960	230.720610
24.061382	-21.277144	230.865556
24.175819	-21.201864	231.010502
24.289941	-21.126120	231.155448
24.403746	-21.049914	231.300394
24.517232	-20.973248	231.445340
24.630398	-20.896125	231.590286
24.743243	-20.818545	231.735233
24.855765	-20.740512	231.880179
24.967962	-20.662025	232.025125
25.079834	-20.583089	232.170071
25.191378	-20.503704	232.315017
25.302594	-20.423872	232.459963
25.413479	-20.343595	232.604909
25.524034	-20.262875	232.749855
25.634255	-20.181714	232.894801
25.744143	-20.100114	233.039747
25.853695	-20.018077	233.184693
25.962910	-19.935604	233.329640
26.071787	-19.852698	233.474586
26.180325	-19.769359	233.619532
26.288521	-19.685591	233.764478
26.396376	-19.601395	233.909424
26.503887	-19.516773	234.054370
26.611729	-19.432220	234.202685
26.719665	-19.347553	234.355814
26.825912	-19.261484	234.505776
26.930897	-19.174341	234.651067
27.035529	-19.086786	234.796358
27.139808	-18.998821	234.941649
27.243731	-18.910447	235.086940
27.347297	-18.821666	235.232231
27.450506	-18.732481	235.377522
27.553356	-18.642892	235.522813
27.655846	-18.552903	235.668104
27.757975	-18.462514	235.813395
27.859742	-18.371728	235.958686
27.961145	-18.280546	236.103977
28.062183	-18.188971	236.249268
28.162856	-18.097004	236.394559
28.263162	-18.004647	236.539850
28.363099	-17.911902	236.685141
28.462668	-17.818771	236.830432
28.561867	-17.725256	236.975723
28.660694	-17.631359	237.121014
28.759149	-17.537081	237.266305
28.857231	-17.442424	237.411596
28.954939	-17.347391	237.556887
29.052271	-17.251983	237.702178
29.149226	-17.156203	237.847469
29.245804	-17.060051	237.992760
29.342004	-16.963530	238.138051
29.437824	-16.866641	238.283342
29.533264	-16.769387	238.428633
29.628322	-16.671770	238.573924
29.722998	-16.573791	238.719215
29.817291	-16.475452	238.864506
29.911199	-16.376756	239.009797
30.004723	-16.277703	239.155088
30.097860	-16.178296	239.300379
30.190609	-16.078537	239.445669
30.282971	-15.978427	239.590960
30.374944	-15.877969	239.736251
30.466784	-15.777297	239.882752
30.559485	-15.676920	240.036192
30.650441	-15.575494	240.188711
30.739585	-15.473004	240.334335
30.828334	-15.370180	240.479959
30.916686	-15.267023	240.625583
31.004641	-15.163535	240.771207
31.092198	-15.059719	240.916831
31.179355	-14.955575	241.062454
31.266113	-14.851106	241.208078
31.352470	-14.746313	241.353702
31.438425	-14.641199	241.499326
31.523978	-14.535765	241.644950
31.609129	-14.430013	241.790574
31.693875	-14.323945	241.936198
31.778217	-14.217562	242.081821
31.862153	-14.110868	242.227445
31.945684	-14.003863	242.373069
32.028807	-13.896549	242.518693
32.111523	-13.788929	242.664317
32.193831	-13.681003	242.809941
32.275730	-13.572775	242.955565
32.357219	-13.464245	243.101189
32.438298	-13.355416	243.246812
32.518965	-13.246289	243.392436
32.599221	-13.136867	243.538060
32.679065	-13.027150	243.683684
32.758495	-12.917142	243.829308
32.837512	-12.806843	243.974932
32.916114	-12.696256	244.120556
32.994302	-12.585383	244.266179
33.072074	-12.474224	244.411803
33.149429	-12.362783	244.557427
33.226368	-12.251061	244.703051
33.302889	-12.139060	244.848675
33.378992	-12.026781	244.994299
33.454676	-11.914226	245.139923
33.529941	-11.801398	245.285546
33.604787	-11.688298	245.431170
33.679212	-11.574928	245.576794
33.754936	-11.461873	245.730454
33.828893	-11.348084	245.884561
33.900722	-11.233456	246.030629
33.972101	-11.118561	246.176573
34.043056	-11.003410	246.322518
34.113586	-10.888005	246.468462
34.183689	-10.772347	246.614406
34.253367	-10.656438	246.760351
34.322617	-10.540280	246.906295
34.391440	-10.423874	247.052240
34.459836	-10.307223	247.198184
34.527803	-10.190329	247.344129
34.595342	-10.073192	247.490073
34.662451	-9.955816	247.636018
34.729131	-9.838201	247.781962
34.795380	-9.720349	247.927906
34.861199	-9.602263	248.073851
34.926587	-9.483944	248.219795
34.991544	-9.365393	248.365740
35.056069	-9.246613	248.511684
35.120162	-9.127605	248.657629
35.183822	-9.008372	248.803573
35.247049	-8.888914	248.949518
35.309843	-8.769235	249.095462
35.372203	-8.649334	249.241406
35.434128	-8.529215	249.387351
35.495620	-8.408878	249.533295
35.556676	-8.288327	249.679240
35.617297	-8.167562	249.825184
35.677483	-8.046585	249.971129
35.737232	-7.925398	250.117073
35.796546	-7.804003	250.263017
35.855423	-7.682402	250.408962
35.913863	-7.560595	250.554906
35.971866	-7.438586	250.700851
36.029431	-7.316375	250.846795
36.086558	-7.193965	250.992740
36.143248	-7.071358	251.138684
36.199499	-6.948554	251.284629
36.256918	-6.825859	251.438149
36.312690	-6.702733	251.592603
36.366336	-6.579104	251.739499
36.419411	-6.455266	251.885752
36.472045	-6.331245	252.032004
36.524238	-6.207044	252.178257
36.575990	-6.082663	252.324509
36.627300	-5.958105	252.470761
36.678169	-5.833372	252.617014
36.728596	-5.708464	252.763266
36.778581	-5.583384	252.909519
36.828123	-5.458134	253.055771
36.877224	-5.332714	253.202024
36.925881	-5.207128	253.348276
36.974096	-5.081376	253.494528
37.021868	-4.955460	253.640781
37.069196	-4.829383	253.787033
37.116081	-4.703144	253.933286
37.162523	-4.576748	254.079538
37.208521	-4.450194	254.225790
37.254075	-4.323485	254.372043
37.299185	-4.196622	254.518295
37.343851	-4.069607	254.664548
37.388072	-3.942442	254.810800
37.431850	-3.815128	254.957053
37.475182	-3.687668	255.103305
37.518071	-3.560062	255.249557
37.560514	-3.432313	255.395810
37.602513	-3.304421	255.542062
37.644066	-3.176390	255.688315
37.685175	-3.048219	255.834567
37.725838	-2.919912	255.980819
37.766056	-2.791470	256.127072
37.805829	-2.662894	256.273324
37.845157	-2.534186	256.419577
37.884039	-2.405347	256.565829
37.922476	-2.276380	256.712082
37.960467	-2.147286	256.858334
37.998013	-2.018066	257.004586
38.036738	-1.888803	257.158754
38.073660	-1.759342	257.313573
38.108487	-1.629683	257.460482
38.142797	-1.499906	257.607029
38.176660	-1.370017	257.753577
38.210078	-1.240017	257.900124
38.243049	-1.109907	258.046672
38.275575	-0.979690	258.193219
38.307655	-0.849367	258.339767
38.339288	-0.718939	258.486314
38.370476	-0.588409	258.632862
38.401217	-0.457777	258.779409
38.431513	-0.327046	258.925957
38.461362	-0.196216	259.072504
38.490766	-0.065291	259.219052
38.519724	0.065730	259.365599
38.548236	0.196844	259.512147
38.576303	0.328050	259.658694
38.603924	0.459345	259.805242
38.631099	0.590730	259.951789
38.657828	0.722201	260.098337
38.684112	0.853758	260.244884
38.709951	0.985398	260.391432
38.735344	1.117121	260.537979
38.760292	1.248924	260.684527
38.784795	1.380807	260.831074
38.808853	1.512767	260.977622
38.832466	1.644803	261.124169
38.855634	1.776914	261.270717
38.878358	1.909097	261.417264
38.900636	2.041352	261.563812
38.922471	2.173676	261.710359
38.943861	2.306069	261.856907
38.964806	2.438529	262.003454
38.985308	2.571053	262.150002
39.005365	2.703642	262.296549
39.024979	2.836292	262.443097
39.044149	2.969003	262.589644
39.063015	3.101784	262.736900
39.082790	3.234736	262.891804
39.100612	3.367627	263.046265
39.116549	3.500448	263.193094
39.132043	3.633317	263.339924
39.147095	3.766233	263.486753
39.161705	3.899195	263.633582
39.175873	4.032200	263.780412
39.189599	4.165248	263.927241
39.202884	4.298336	264.074071
39.215727	4.431464	264.220900
39.228129	4.564630	264.367729
39.240091	4.697832	264.514559
39.251611	4.831069	264.661388
39.262691	4.964339	264.808218
39.273331	5.097641	264.955047
39.283531	5.230974	265.101876
39.293291	5.364336	265.248706
39.302611	5.497725	265.395535
39.311493	5.631141	265.542365
39.319935	5.764581	265.689194
39.327938	5.898044	265.836023
39.335503	6.031528	265.982853
39.342629	6.165033	266.129682
39.349317	6.298557	266.276512
39.355568	6.432098	266.423341
39.361381	6.565655	266.570170
39.366757	6.699227	266.717000
39.371696	6.832811	266.863829
39.376198	6.966408	267.010659
39.380264	7.100014	267.157488
39.383893	7.233629	267.304317
39.387087	7.367251	267.451147
39.389846	7.500879	267.597976
39.392169	7.634512	267.744806
39.394058	7.768147	267.891635
39.395512	7.901785	268.038464
39.396532	8.035422	268.185294
39.397117	8.169059	268.332123
39.397734	8.302790	268.481497
39.398517	8.436650	268.636796
39.397381	8.570192	268.789741
39.394792	8.703504	268.936839
39.391772	8.836803	269.083936
39.388321	8.970088	269.231034
39.384439	9.103358	269.378132
39.380127	9.236611	269.525230
39.375385	9.369845	269.672328
39.370213	9.503061	269.819426
39.364613	9.636255	269.966523
39.358583	9.769427	270.113621
39.352125	9.902575	270.260719
39.345239	10.035699	270.407817
39.337926	10.168796	270.554915
39.330185	10.301865	270.702013
39.322017	10.434906	270.849110
39.313423	10.567915	270.996208
39.304402	10.700894	271.143306
39.294956	10.833839	271.290404
39.285084	10.966749	271.437502
39.274788	11.099624	271.584600
39.264067	11.232462	271.731698
39.252922	11.365262	271.878795
39.241353	11.498021	272.025893
39.229361	11.630740	272.172991
39.216946	11.763416	272.320089
39.204109	11.896049	272.467187
39.190849	12.028636	272.614285
39.177169	12.161177	272.761382
39.163067	12.293671	272.908480
39.148544	12.426116	273.055578
39.133601	12.558510	273.202676
39.118239	12.690853	273.349774
39.102457	12.823143	273.496872
39.086256	12.955379	273.643969
39.069637	13.087560	273.791067
39.052600	13.219684	273.938165
39.035145	13.351750	274.085263
39.018124	13.484051	274.237492
39.000346	13.616180	274.393187
38.980763	13.747765	274.543849
38.960241	13.879099	274.691201
38.939306	14.010366	274.838554
38.917958	14.141562	274.985906
38.896198	14.272688	275.133259
38.874025	14.403741	275.280611
38.851440	14.534720	275.427964
38.828444	14.665625	275.575317
38.805038	14.796453	275.722669
38.781221	14.927205	275.870022
38.756994	15.057877	276.017374
38.732359	15.188471	276.164727
38.707315	15.318983	276.312079
38.681862	15.449412	276.459432
38.656002	15.579759	276.606784
38.629735	15.710020	276.754137
38.603061	15.840196	276.901489
38.575981	15.970285	277.048842
38.548496	16.100285	277.196194
38.520605	16.230196	277.343547
38.492311	16.360017	277.490900
38.463612	16.489745	277.638252
38.434510	16.619380	277.785605
38.405005	16.748921	277.932957
38.375098	16.878366	278.080310
38.344789	17.007715	278.227662
38.314078	17.136966	278.375015
38.282968	17.266118	278.522367
38.251457	17.395169	278.669720
38.219547	17.524119	278.817072
38.187237	17.652967	278.964425
38.154530	17.781711	279.111778
38.121425	17.910350	279.259130
38.087922	18.038882	279.406483
38.054023	18.167308	279.553835
38.019728	18.295625	279.701188
37.985037	18.423833	279.848540
37.951196	18.552538	280.004339
37.915590	18.680469	280.160426
37.878381	18.807690	280.308060
37.840775	18.934790	280.455653
37.802779	19.061771	280.603246
37.764392	19.188632	280.750839
37.725616	19.315371	280.898433
37.686452	19.441988	281.046026
37.646899	19.568481	281.193619
37.606958	19.694849	281.341212
37.566631	19.821091	281.488806
37.525917	19.947206	281.636399
37.484818	20.073192	281.783992
37.443333	20.199050	281.931585
37.401464	20.324777	282.079179
37.359212	20.450373	282.226772
37.316576	20.575836	282.374365
37.273557	20.701165	282.521959
37.230156	20.826359	282.669552
37.186375	20.951418	282.817145
37.142212	21.076340	282.964738
37.097669	21.201124	283.112332
37.052747	21.325768	283.259925
37.007447	21.450273	283.407518
36.961768	21.574636	283.555111
36.915711	21.698857	283.702705
36.869278	21.822935	283.850298
36.822469	21.946868	283.997891
36.775284	22.070655	284.145484
36.727725	22.194297	284.293078
36.679791	22.317790	284.440671
36.631484	22.441135	284.588264
36.582804	22.564330	284.735857
36.533752	22.687375	284.883451
36.484328	22.810268	285.031044
36.434534	22.933008	285.178637
36.384369	23.055594	285.326230
36.333835	23.178025	285.473824
36.283444	23.300629	285.625346
36.232675	23.423076	285.781581
36.180343	23.544595	285.934010
36.127077	23.665583	286.081830
36.073448	23.786407	286.229649
36.019455	23.907067	286.377469
35.965100	24.027562	286.525289
35.910384	24.147889	286.673109
35.855306	24.268049	286.820928
35.799869	24.388041	286.968748
35.744072	24.507862	287.116568
35.687916	24.627514	287.264388
35.631402	24.746993	287.412207
35.574530	24.866300	287.560027
35.517302	24.985434	287.707847
35.459718	25.104393	287.855666
35.401779	25.223177	288.003486
35.343485	25.341784	288.151306
35.284837	25.460213	288.299126
35.225836	25.578465	288.446945
35.166483	25.696537	288.594765
35.106778	25.814428	288.742585
35.046722	25.932139	288.890405
34.986316	26.049667	289.038224
34.925561	26.167012	289.186044
34.864457	26.284173	289.333864
34.803005	26.401149	289.481683
34.741205	26.517939	289.629503
34.679059	26.634542	289.777323
34.616568	26.750958	289.925143
34.553731	26.867184	290.072962
34.490550	26.983221	290.220782
34.427025	27.099067	290.368602
34.363158	27.214722	290.516422
34.298948	27.330184	290.664241
34.234398	27.445453	290.812061
34.169506	27.560528	290.959881
34.104275	27.675408	291.107700
34.038705	27.790091	291.255520
33.972797	27.904578	291.403340
