51.219288	0.000000	0.000000
51.219108	0.135797	0.156150
51.218568	0.271593	0.312299
51.217668	0.407388	0.468449
51.216408	0.543179	0.624598
51.214788	0.678967	0.780748
51.212807	0.814750	0.936897
51.210467	0.950527	1.093047
51.207767	1.086298	1.249197
51.204707	1.222060	1.405346
51.201287	1.357815	1.561496
51.197507	1.493559	1.717645
51.193367	1.629294	1.873795
51.188868	1.765016	2.029944
51.184008	1.900727	2.186094
51.178789	2.036424	2.342243
51.173210	2.172106	2.498393
51.167271	2.307774	2.654543
51.160973	2.443425	2.810692
51.154315	2.579059	2.966842
51.147297	2.714675	3.122991
51.139920	2.850272	3.279141
51.132183	2.985848	3.435290
51.124087	3.121404	3.591440
51.115632	3.256938	3.747590
51.106817	3.392449	3.903739
51.097643	3.527936	4.059889
51.088110	3.663398	4.216038
51.078218	3.798835	4.372188
51.067966	3.934245	4.528337
51.057356	4.069627	4.684487
51.046387	4.204981	4.840637
51.035059	4.340305	4.996786
51.023372	4.475598	5.152936
51.011327	4.610860	5.309085
50.998922	4.746090	5.465235
50.986160	4.881286	5.621384
50.973039	5.016448	5.777534
50.959560	5.151575	5.933684
50.945722	5.286665	6.089833
50.931527	5.421719	6.245983
50.916973	5.556734	6.402132
50.902062	5.691710	6.558282
50.886793	5.826646	6.714431
50.871166	5.961541	6.870581
50.855181	6.096395	7.026730
50.838839	6.231205	7.182880
50.822140	6.365972	7.339030
50.805083	6.500693	7.495179
50.787669	6.635370	7.651329
50.769898	6.769999	7.807478
50.751771	6.904581	7.963628
50.733286	7.039115	8.119777
50.714445	7.173599	8.275927
50.695248	7.308032	8.432077
50.675694	7.442414	8.588226
50.655784	7.576744	8.744376
50.635517	7.711021	8.900525
50.614895	7.845243	9.056675
50.593917	7.979410	9.212824
50.572584	8.113521	9.368974
50.550895	8.247575	9.525124
50.528850	8.381572	9.681273
50.506451	8.515509	9.837423
50.483696	8.649386	9.993572
50.460587	8.783203	10.149722
50.437123	8.916957	10.305871
50.413304	9.050650	10.462021
50.389131	9.184278	10.618170
50.364603	9.317842	10.774320
50.339722	9.451340	10.930470
50.314487	9.584772	11.086619
50.288898	9.718137	11.242769
50.262956	9.851433	11.398918
50.236660	9.984660	11.555068
50.210011	10.117817	11.711217
50.183010	10.250903	11.867367
50.155655	10.383917	12.023517
50.127948	10.516858	12.179666
50.099889	10.649724	12.335816
50.071477	10.782516	12.491965
50.042713	10.915232	12.648115
50.013598	11.047872	12.804264
49.984131	11.180434	12.960414
49.954313	11.312917	13.116564
49.924144	11.445320	13.272713
49.893623	11.577644	13.428863
49.862752	11.709885	13.585012
49.831531	11.842045	13.741162
49.799959	11.974121	13.897311
49.768037	12.106113	14.053461
49.735765	12.238020	14.209611
49.703144	12.369841	14.365760
49.670173	12.501575	14.521910
49.636853	12.633221	14.678059
49.603184	12.764779	14.834209
49.569167	12.896246	14.990358
49.534801	13.027623	15.146508
49.500087	13.158908	15.302657
49.465025	13.290101	15.458807
49.429615	13.421201	15.614957
49.393858	13.552206	15.771106
49.357753	13.683116	15.927256
49.321302	13.813929	16.083405
49.284504	13.944646	16.239555
49.247359	14.075264	16.395704
49.209869	14.205784	16.551854
49.172032	14.336204	16.708004
49.133850	14.466523	16.864153
49.095322	14.596740	17.020303
49.056449	14.726855	17.176452
49.017232	14.856866	17.332602
48.977670	14.986772	17.488751
48.937763	15.116574	17.644901
48.897513	15.246269	17.801051
48.856919	15.375857	17.957200
48.815981	15.505337	18.113350
48.774700	15.634707	18.269499
48.733077	15.763968	18.425649
48.691111	15.893119	18.581798
48.648802	16.022157	18.737948
48.606152	16.151083	18.894097
48.563160	16.279895	19.050247
48.519826	16.408593	19.206397
48.476152	16.537175	19.362546
48.432137	16.665642	19.518696
48.387781	16.793991	19.674845
48.343085	16.922222	19.830995
48.298049	17.050334	19.987144
48.252674	17.178326	20.143294
48.206960	17.306198	20.299444
48.160907	17.433947	20.455593
48.114515	17.561575	20.611743
48.067785	17.689078	20.767892
48.020717	17.816458	20.924042
47.973312	17.943712	21.080191
47.925569	18.070840	21.236341
47.877490	18.197841	21.392491
47.829074	18.324715	21.548640
47.780322	18.451459	21.704790
47.731233	18.578074	21.860939
47.681810	18.704558	22.017089
47.632051	18.830910	22.173238
47.581957	18.957131	22.329388
47.531529	19.083217	22.485538
47.480767	19.209170	22.641687
47.429671	19.334988	22.797837
47.378242	19.460670	22.953986
47.326479	19.586215	23.110136
47.274384	19.711622	23.266285
47.221957	19.836891	23.422435
47.169197	19.962021	23.578584
47.116107	20.087010	23.734734
47.062684	20.211858	23.890884
47.008932	20.336563	24.047033
46.954848	20.461126	24.203183
46.900435	20.585545	24.359332
46.845692	20.709820	24.515482
46.790619	20.833948	24.671631
46.735218	20.957931	24.827781
46.679488	21.081766	24.983931
46.623430	21.205453	25.140080
46.567045	21.328990	25.296230
46.510332	21.452378	25.452379
46.453292	21.575615	25.608529
46.395925	21.698700	25.764678
46.338232	21.821633	25.920828
46.280214	21.944413	26.076978
46.221870	22.067038	26.233127
46.163202	22.189508	26.389277
46.104209	22.311822	26.545426
46.044892	22.433979	26.701576
45.985251	22.555979	26.857725
45.925287	22.677820	27.013875
45.865000	22.799501	27.170024
45.804390	22.921023	27.326174
45.743459	23.042383	27.482324
45.682206	23.163581	27.638473
45.620632	23.284616	27.794623
45.558738	23.405488	27.950772
45.496523	23.526195	28.106922
45.433988	23.646737	28.263071
45.371134	23.767113	28.419221
45.307961	23.887321	28.575371
45.244470	24.007362	28.731520
45.180660	24.127234	28.887670
45.116533	24.246936	29.043819
45.052089	24.366468	29.199969
44.987328	24.485828	29.356118
44.922251	24.605017	29.512268
44.856858	24.724032	29.668418
44.791150	24.842874	29.824567
44.725127	24.961541	29.980717
44.658789	25.080032	30.136866
44.592138	25.198348	30.293016
44.525173	25.316486	30.449165
44.457895	25.434446	30.605315
44.390305	25.552227	30.761465
44.322402	25.669829	30.917614
44.254188	25.787251	31.073764
44.185663	25.904491	31.229913
44.116828	26.021549	31.386063
44.047682	26.138424	31.542212
43.978226	26.255115	31.698362
43.908462	26.371622	31.854511
43.838389	26.487943	32.010661
43.768007	26.604078	32.166811
43.697318	26.720027	32.322960
43.626322	26.835787	32.479110
43.555020	26.951359	32.635259
43.483411	27.066741	32.791409
43.411496	27.181933	32.947558
43.339276	27.296934	33.103708
43.266752	27.411743	33.259858
43.193923	27.526359	33.416007
43.120791	27.640782	33.572157
43.047356	27.755011	33.728306
42.973618	27.869044	33.884456
42.899578	27.982882	34.040605
42.825236	28.096523	34.196755
42.750594	28.209966	34.352905
42.675651	28.323211	34.509054
42.600408	28.436257	34.665204
42.524865	28.549103	34.821353
42.449024	28.661749	34.977503
42.372884	28.774193	35.133652
42.296446	28.886435	35.289802
42.219711	28.998473	35.445951
42.142679	29.110308	35.602101
42.065351	29.221938	35.758251
41.987728	29.333363	35.914400
41.909809	29.444582	36.070550
41.831595	29.555593	36.226699
41.753088	29.666397	36.382849
41.674287	29.776992	36.538998
41.595193	29.887378	36.695148
41.515807	29.997554	36.851298
41.436129	30.107519	37.007447
41.356159	30.217273	37.163597
41.275899	30.326814	37.319746
41.195349	30.436141	37.475896
41.114509	30.545255	37.632045
41.033380	30.654154	37.788195
40.951963	30.762838	37.944345
40.870258	30.871305	38.100494
40.788265	30.979556	38.256644
40.705986	31.087589	38.412793
40.623421	31.195403	38.568943
40.540570	31.302998	38.725092
40.457434	31.410372	38.881242
40.374014	31.517526	39.037392
40.290310	31.624459	39.193541
40.206323	31.731169	39.349691
40.122053	31.837656	39.505840
40.037501	31.943919	39.661990
39.952668	32.049958	39.818139
39.867553	32.155772	39.974289
39.782159	32.261359	40.130438
39.696485	32.366720	40.286588
39.610532	32.471853	40.442738
39.524300	32.576758	40.598887
39.437791	32.681434	40.755037
39.351004	32.785880	40.911186
39.263941	32.890096	41.067336
39.176602	32.994080	41.223485
39.088987	33.097833	41.379635
39.001098	33.201353	41.535785
38.912934	33.304639	41.691934
38.824497	33.407692	41.848084
38.735787	33.510509	42.004233
38.646805	33.613091	42.160383
38.557551	33.715437	42.316532
38.468026	33.817546	42.472682
38.378231	33.919417	42.628832
38.288166	34.021050	42.784981
38.197832	34.122443	42.941131
38.107229	34.223597	43.097280
38.016358	34.324510	43.253430
37.925220	34.425181	43.409579
37.833816	34.525611	43.565729
37.742146	34.625798	43.721878
37.650210	34.725742	43.878028
37.558010	34.825442	44.034178
37.465545	34.924896	44.190327
37.372817	35.024106	44.346477
37.279827	35.123069	44.502626
37.186575	35.221785	44.658776
37.093061	35.320254	44.814925
36.999286	35.418474	44.971075
36.905251	35.516445	45.127225
36.810957	35.614167	45.283374
36.716404	35.711638	45.439524
36.621593	35.808859	45.595673
36.526525	35.905827	45.751823
36.431200	36.002544	45.907972
36.335619	36.099007	46.064122
36.239782	36.195216	46.220272
36.143690	36.291171	46.376421
36.047345	36.386871	46.532571
35.950746	36.482315	46.688720
35.853895	36.577503	46.844870
35.756791	36.672433	47.001019
35.659436	36.767106	47.157169
35.561830	36.861520	47.313319
35.463975	36.955676	47.469468
35.365870	37.049571	47.625618
35.267516	37.143206	47.781767
35.168915	37.236580	47.937917
35.070066	37.329692	48.094066
34.970971	37.422542	48.250216
34.871630	37.515128	48.406365
34.772044	37.607451	48.562515
34.672214	37.699510	48.718665
34.572140	37.791304	48.874814
34.471822	37.882832	49.030964
34.371263	37.974093	49.187113
34.270462	38.065088	49.343263
34.169420	38.155815	49.499412
34.068137	38.246274	49.655562
33.966616	38.336464	49.811712
33.864855	38.426385	49.967861
33.762857	38.516035	50.124011
33.660621	38.605415	50.280160
33.558148	38.694523	50.436310
33.455440	38.783360	50.592459
33.352496	38.871924	50.748609
33.249318	38.960214	50.904759
33.145907	39.048231	51.060908
33.042262	39.135973	51.217058
32.938385	39.223440	51.373207
32.834277	39.310631	51.529357
32.729937	39.397547	51.685506
32.625368	39.484185	51.841656
32.520569	39.570545	51.997805
32.415542	39.656628	52.153955
32.310287	39.742431	52.310105
32.204804	39.827956	52.466254
32.099096	39.913200	52.622404
31.993161	39.998164	52.778553
31.887002	40.082846	52.934703
31.780619	40.167247	53.090852
31.674012	40.251365	53.247002
31.567183	40.335201	53.403152
31.460131	40.418753	53.559301
31.352859	40.502021	53.715451
31.245366	40.585004	53.871600
31.137654	40.667702	54.027750
31.029722	40.750114	54.183899
30.921573	40.832240	54.340049
30.813206	40.914078	54.496199
30.704623	40.995629	54.652348
30.595823	41.076892	54.808498
30.486809	41.157866	54.964647
30.377581	41.238551	55.120797
30.268138	41.318946	55.276946
30.158484	41.399050	55.433096
30.048617	41.478863	55.589246
29.938538	41.558385	55.745395
29.828250	41.637615	55.901545
29.717752	41.716552	56.057694
29.607045	41.795196	56.213844
29.496129	41.873546	56.369993
29.385007	41.951601	56.526143
29.273677	42.029362	56.682292
29.162143	42.106827	56.838442
29.050403	42.183997	56.994592
28.938458	42.260869	57.150741
28.826311	42.337445	57.306891
28.713961	42.413723	57.463040
28.601409	42.489703	57.619190
28.488656	42.565385	57.775339
28.375702	42.640767	57.931489
28.262550	42.715849	58.087639
28.149198	42.790631	58.243788
28.035649	42.865112	58.399938
27.921902	42.939292	58.556087
27.807960	43.013171	58.712237
27.693822	43.086746	58.868386
27.579489	43.160019	59.024536
27.464962	43.232989	59.180686
27.350242	43.305654	59.336835
27.235330	43.378016	59.492985
27.120227	43.450072	59.649134
27.004933	43.521823	59.805284
26.889449	43.593268	59.961433
26.773776	43.664406	60.117583
26.657915	43.735238	60.273732
26.541866	43.805762	60.429882
26.425631	43.875978	60.586032
26.309210	43.945886	60.742181
26.192605	44.015485	60.898331
26.075815	44.084775	61.054480
25.958841	44.153754	61.210630
25.841686	44.222423	61.366779
25.724348	44.290782	61.522929
25.606830	44.358829	61.679079
25.489132	44.426564	61.835228
25.371255	44.493987	61.991378
25.253199	44.561097	62.147527
25.134966	44.627894	62.303677
25.016556	44.694377	62.459826
24.897970	44.760547	62.615976
24.779210	44.826401	62.772126
24.660275	44.891940	62.928275
24.541167	44.957164	63.084425
24.421886	45.022072	63.240574
24.302433	45.086663	63.396724
24.182810	45.150937	63.552873
24.063017	45.214894	63.709023
23.943055	45.278534	63.865172
23.822924	45.341854	64.021322
23.702626	45.404857	64.177472
23.582161	45.467540	64.333621
23.461530	45.529903	64.489771
23.340735	45.591946	64.645920
23.219775	45.653669	64.802070
23.098653	45.715071	64.958219
22.977368	45.776151	65.114369
22.855921	45.836910	65.270519
22.734314	45.897347	65.426668
22.612546	45.957461	65.582818
22.490620	46.017252	65.738967
22.368536	46.076719	65.895117
22.246295	46.135863	66.051266
22.123897	46.194682	66.207416
22.001344	46.253176	66.363566
21.878636	46.311346	66.519715
21.755774	46.369190	66.675865
21.632760	46.426708	66.832014
21.509593	46.483899	66.988164
21.386275	46.540764	67.144313
21.262807	46.597302	67.300463
21.139189	46.653512	67.456613
21.015423	46.709394	67.612762
20.891509	46.764948	67.768912
20.767448	46.820173	67.925061
20.643241	46.875069	68.081211
20.518889	46.929635	68.237360
20.394393	46.983872	68.393510
20.269753	47.037778	68.549659
20.144971	47.091354	68.705809
20.020047	47.144599	68.861959
19.894983	47.197512	69.018108
19.769779	47.250093	69.174258
19.644435	47.302343	69.330407
19.518954	47.354259	69.486557
19.393336	47.405843	69.642706
19.267581	47.457094	69.798856
19.141691	47.508011	69.955006
19.015666	47.558595	70.111155
18.889507	47.608843	70.267305
18.763216	47.658758	70.423454
18.636793	47.708337	70.579604
18.510239	47.757581	70.735753
18.383554	47.806489	70.891903
18.256741	47.855061	71.048053
18.129799	47.903297	71.204202
18.002730	47.951196	71.360352
17.875534	47.998758	71.516501
17.748212	48.045982	71.672651
17.620766	48.092869	71.828800
17.493196	48.139418	71.984950
17.365503	48.185628	72.141099
17.237688	48.231500	72.297249
17.109752	48.277032	72.453399
16.981695	48.322226	72.609548
16.853519	48.367079	72.765698
16.725225	48.411593	72.921847
16.596813	48.455766	73.077997
16.468284	48.499599	73.234146
16.339640	48.543091	73.390296
16.210880	48.586241	73.546446
16.082007	48.629050	73.702595
15.953021	48.671517	73.858745
15.823923	48.713642	74.014894
15.694713	48.755425	74.171044
15.565393	48.796865	74.327193
15.435964	48.837962	74.483343
15.306426	48.878715	74.639493
15.176780	48.919125	74.795642
15.047028	48.959191	74.951792
14.917170	48.998913	75.107941
14.787207	49.038291	75.264091
14.657141	49.077324	75.420240
14.526971	49.116011	75.576390
14.396699	49.154354	75.732540
14.266326	49.192351	75.888689
14.135853	49.230002	76.044839
14.005280	49.267308	76.200988
13.874609	49.304267	76.357138
13.743840	49.340879	76.513287
13.612975	49.377144	76.669437
13.482014	49.413063	76.825586
13.350958	49.448634	76.981736
13.219808	49.483857	77.137886
13.088566	49.518733	77.294035
12.957231	49.553260	77.450185
12.825806	49.587440	77.606334
12.694290	49.621270	77.762484
12.562685	49.654752	77.918633
12.430991	49.687885	78.074783
12.299211	49.720669	78.230933
12.167344	49.753103	78.387082
12.035391	49.785187	78.543232
11.903354	49.816921	78.699381
11.771233	49.848305	78.855531
11.639029	49.879339	79.011680
11.506743	49.910022	79.167830
11.374377	49.940355	79.323980
11.241931	49.970336	79.480129
11.109405	49.999966	79.636279
10.976802	50.029244	79.792428
10.844121	50.058171	79.948578
10.711364	50.086746	80.104727
10.578532	50.114969	80.260877
10.445626	50.142840	80.417026
10.312646	50.170358	80.573176
10.179593	50.197523	80.729326
10.046469	50.224336	80.885475
9.913275	50.250796	81.041625
9.780010	50.276902	81.197774
9.646677	50.302655	81.353924
9.513276	50.328054	81.510073
9.379809	50.353100	81.666223
9.246275	50.377791	81.822373
9.112676	50.402129	81.978522
8.979014	50.426112	82.134672
8.845288	50.449741	82.290821
8.711500	50.473015	82.446971
8.577650	50.495934	82.603120
8.443741	50.518499	82.759270
8.309772	50.540708	82.915420
8.175745	50.562562	83.071569
8.041660	50.584060	83.227719
7.907519	50.605203	83.383868
7.773322	50.625991	83.540018
7.639070	50.646422	83.696167
7.504765	50.666497	83.852317
7.370407	50.686217	84.008467
7.235997	50.705580	84.164616
7.101537	50.724586	84.320766
6.967026	50.743236	84.476915
6.832466	50.761529	84.633065
6.697859	50.779466	84.789214
6.563204	50.797045	84.945364
6.428503	50.814268	85.101513
6.293757	50.831133	85.257663
6.158967	50.847641	85.413813
6.024134	50.863791	85.569962
5.889258	50.879584	85.726112
5.754341	50.895020	85.882261
5.619383	50.910097	86.038411
5.484386	50.924817	86.194560
5.349350	50.939179	86.350710
5.214277	50.953182	86.506860
5.079167	50.966828	86.663009
4.944021	50.980115	86.819159
4.808840	50.993044	86.975308
4.673626	51.005614	87.131458
4.538379	51.017826	87.287607
4.403100	51.029679	87.443757
4.267790	51.041174	87.599907
4.132450	51.052310	87.756056
3.997081	51.063087	87.912206
3.861684	51.073504	88.068355
3.726260	51.083563	88.224505
3.590809	51.093263	88.380654
3.455333	51.102604	88.536804
3.319833	51.111585	88.692953
3.184310	51.120208	88.849103
3.048764	51.128471	89.005253
2.913197	51.136374	89.161402
2.777610	51.143918	89.317552
2.642002	51.151102	89.473701
2.506377	51.157927	89.629851
2.370733	51.164393	89.786000
2.235073	51.170498	89.942150
2.099398	51.176244	90.098300
1.963707	51.181631	90.254449
1.828003	51.186657	90.410599
1.692286	51.191324	90.566748
1.556557	51.195631	90.722898
1.420817	51.199578	90.879047
1.285067	51.203165	91.035197
1.149308	51.206392	91.191347
1.013541	51.209259	91.347496
0.877767	51.211766	91.503646
0.741986	51.213913	91.659795
0.606201	51.215701	91.815945
0.470411	51.217128	91.972094
0.334618	51.218195	92.128244
0.198822	51.218902	92.284394
0.063025	51.219249	92.440543
-0.072772	51.219236	92.596693
-0.208569	51.218863	92.752842
-0.344364	51.218130	92.908992
-0.480157	51.217037	93.065141
-0.615947	51.215584	93.221291
-0.751732	51.213771	93.377440
-0.887512	51.211598	93.533590
-1.023286	51.209065	93.689740
-1.159052	51.206172	93.845889
-1.294810	51.202919	94.002039
-1.430560	51.199306	94.158188
-1.566299	51.195333	94.314338
-1.702027	51.191001	94.470487
-1.837743	51.186308	94.626637
-1.973447	51.181256	94.782787
-2.109136	51.175844	94.938936
-2.244811	51.170072	95.095086
-2.380470	51.163941	95.251235
-2.516112	51.157450	95.407385
-2.651736	51.150599	95.563534
-2.787342	51.143389	95.719684
-2.922928	51.135819	95.875834
-3.058494	51.127889	96.031983
-3.194038	51.119601	96.188133
-3.329559	51.110953	96.344282
-3.465058	51.101946	96.500432
-3.600532	51.092579	96.656581
-3.735980	51.082853	96.812731
-3.871403	51.072769	96.968880
-4.006798	51.062325	97.125030
-4.142165	51.051522	97.281180
-4.277503	51.040361	97.437329
-4.412810	51.028841	97.593479
-4.548087	51.016962	97.749628
-4.683332	51.004724	97.905778
-4.818544	50.992128	98.061927
-4.953722	50.979173	98.218077
-5.088865	50.965860	98.374227
-5.223972	50.952189	98.530376
-5.359043	50.938160	98.686526
-5.494076	50.923772	98.842675
-5.629071	50.909027	98.998825
-5.764025	50.893924	99.154974
-5.898940	50.878463	99.311124
-6.033813	50.862644	99.467274
-6.168643	50.846468	99.623423
-6.303430	50.829934	99.779573
-6.438173	50.813044	99.935722
-6.572870	50.795795	100.091872
-6.707522	50.778190	100.248021
-6.842126	50.760228	100.404171
-6.976682	50.741909	100.560321
-7.111189	50.723234	100.716470
-7.245646	50.704202	100.872620
-7.380052	50.684813	101.028769
-7.514406	50.665068	101.184919
-7.648708	50.644968	101.341068
-7.782955	50.624511	101.497218
-7.917148	50.603698	101.653367
-8.051286	50.582529	101.809517
-8.185366	50.561005	101.965667
-8.319389	50.539126	102.121816
-8.453354	50.516891	102.277966
-8.587259	50.494301	102.434115
-8.721104	50.471356	102.590265
-8.854888	50.448057	102.746414
-8.988609	50.424403	102.902564
-9.122267	50.400394	103.058714
-9.255861	50.376031	103.214863
-9.389390	50.351314	103.371013
-9.522853	50.326243	103.527162
-9.656249	50.300818	103.683312
-9.789577	50.275040	103.839461
-9.922837	50.248908	103.995611
-10.056026	50.222423	104.151761
-10.189145	50.195585	104.307910
-10.322192	50.168394	104.464060
-10.455167	50.140851	104.620209
-10.588068	50.112955	104.776359
-10.720895	50.084707	104.932508
-10.853647	50.056107	105.088658
-10.986322	50.027155	105.244807
-11.118920	49.997851	105.400957
-11.251439	49.968196	105.557107
-11.383880	49.938189	105.713256
-11.516241	49.907832	105.869406
-11.648520	49.877123	106.025555
-11.780718	49.846064	106.181705
-11.912833	49.814655	106.337854
-12.044864	49.782896	106.494004
-12.176811	49.750786	106.650154
-12.308672	49.718327	106.806303
-12.440446	49.685519	106.962453
-12.572133	49.652361	107.118602
-12.703732	49.618854	107.274752
-12.835241	49.584998	107.430901
-12.966661	49.550794	107.587051
-13.097989	49.516241	107.743201
-13.229224	49.481341	107.899350
-13.360367	49.446092	108.055500
-13.491416	49.410496	108.211649
-13.622371	49.374553	108.367799
-13.753229	49.338263	108.523948
-13.883991	49.301625	108.680098
-14.014655	49.264642	108.836248
-14.145220	49.227312	108.992397
-14.275687	49.189635	109.148547
-14.406052	49.151614	109.304696
-14.536317	49.113246	109.460846
-14.666479	49.074534	109.616995
-14.796539	49.035476	109.773145
-14.926494	48.996074	109.929294
-15.056344	48.956327	110.085444
-15.186089	48.916236	110.241594
-15.315727	48.875802	110.397743
-15.445257	48.835023	110.553893
-15.574678	48.793902	110.710042
-15.703990	48.752437	110.866192
-15.833192	48.710630	111.022341
-15.962282	48.668481	111.178491
-16.091261	48.625989	111.334641
-16.220126	48.583155	111.490790
-16.348877	48.539980	111.646940
-16.477513	48.496464	111.803089
-16.606033	48.452607	111.959239
-16.734437	48.408409	112.115388
-16.862723	48.363871	112.271538
-16.990890	48.318993	112.427688
-17.118938	48.273776	112.583837
-17.246866	48.228219	112.739987
-17.374672	48.182323	112.896136
-17.502356	48.136088	113.052286
-17.629918	48.089515	113.208435
-17.757355	48.042604	113.364585
-17.884667	47.995355	113.520734
-18.011854	47.947769	113.676884
-18.138914	47.899846	113.833034
-18.265847	47.851586	113.989183
-18.392651	47.802990	114.145333
-18.519326	47.754058	114.301482
-18.645871	47.704790	114.457632
-18.772285	47.655186	114.613781
-18.898567	47.605248	114.769931
-19.024715	47.554975	114.926081
-19.150731	47.504368	115.082230
-19.276611	47.453427	115.238380
-19.402356	47.402152	115.394529
-19.527965	47.350544	115.550679
-19.653436	47.298604	115.706828
-19.778770	47.246330	115.862978
-19.903964	47.193725	116.019128
-20.029018	47.140788	116.175277
-20.153932	47.087520	116.331427
-20.278704	47.033920	116.487576
-20.403333	46.979990	116.643726
-20.527819	46.925730	116.799875
-20.652160	46.871140	116.956025
-20.776357	46.816220	117.112175
-20.900407	46.760971	117.268324
-21.024311	46.705394	117.424474
-21.148066	46.649488	117.580623
-21.271673	46.593255	117.736773
-21.395131	46.536693	117.892922
-21.518438	46.479805	118.049072
-21.641594	46.422590	118.205221
-21.764597	46.365049	118.361371
-21.887448	46.307182	118.517521
-22.010145	46.248989	118.673670
-22.132687	46.190471	118.829820
-22.255074	46.131629	118.985969
-22.377304	46.072462	119.142119
-22.499377	46.012971	119.298268
-22.621291	45.953157	119.454418
-22.743047	45.893020	119.610568
-22.864643	45.832560	119.766717
-22.986078	45.771778	119.922867
-23.107351	45.710675	120.079016
-23.228463	45.649250	120.235166
-23.349410	45.587504	120.391315
-23.470194	45.525438	120.547465
-23.590813	45.463051	120.703615
-23.711265	45.400345	120.859764
-23.831552	45.337320	121.015914
-23.951670	45.273977	121.172063
-24.071621	45.210315	121.328213
-24.191402	45.146335	121.484362
-24.311013	45.082038	121.640512
-24.430453	45.017424	121.796661
-24.549721	44.952493	121.952811
-24.668817	44.887247	122.108961
-24.787739	44.821685	122.265110
-24.906488	44.755808	122.421260
-25.025061	44.689616	122.577409
-25.143458	44.623110	122.733559
-25.261678	44.556291	122.889708
-25.379721	44.489158	123.045858
-25.497586	44.421713	123.202008
-25.615271	44.353955	123.358157
-25.732776	44.285886	123.514307
-25.850101	44.217505	123.670456
-25.967243	44.148814	123.826606
-26.084203	44.079812	123.982755
-26.200980	44.010500	124.138905
-26.317572	43.940879	124.295055
-26.433980	43.870949	124.451204
-26.550202	43.800711	124.607354
-26.666237	43.730164	124.763503
-26.782084	43.659311	124.919653
-26.897744	43.588150	125.075802
-27.013214	43.516683	125.231952
-27.128495	43.444910	125.388102
-27.243584	43.372832	125.544251
-27.358483	43.300449	125.700401
-27.473188	43.227762	125.856550
-27.587701	43.154770	126.012700
-27.702020	43.081476	126.168849
-27.816144	43.007878	126.324999
-27.930073	42.933978	126.481148
-28.043805	42.859777	126.637298
-28.157340	42.785274	126.793448
-28.270678	42.710470	126.949597
-28.383816	42.635366	127.105747
-28.496755	42.559963	127.261896
-28.609494	42.484260	127.418046
-28.722031	42.408258	127.574195
-28.834367	42.331959	127.730345
-28.946500	42.255362	127.886495
-29.058429	42.178468	128.042644
-29.170155	42.101277	128.198794
-29.281675	42.023791	128.354943
-29.392989	41.946009	128.511093
-29.504097	41.867932	128.667242
-29.614997	41.789560	128.825020
-29.725519	41.710656	128.985977
-29.835509	41.631008	129.145305
-29.945296	41.551080	129.301453
-30.054870	41.470861	129.457600
-30.164221	41.390337	129.616595
-30.273023	41.309065	129.782353
-30.380911	41.226555	129.945252
-30.488637	41.143837	130.101381
-30.596143	41.060833	130.257511
-30.703405	40.977511	130.416079
-30.810100	40.893445	130.581815
-30.915830	40.808116	130.745084
-31.021441	40.722647	130.901178
-31.126825	40.636899	131.057272
-31.231947	40.550827	131.215396
-31.336480	40.464009	131.381092
-31.439992	40.375896	131.544713
-31.543434	40.287720	131.700754
-31.646641	40.199268	131.856794
-31.749577	40.110495	132.014456
-31.851894	40.020968	132.180093
-31.953126	39.930108	132.344048
-32.054346	39.839265	132.500017
-32.155325	39.748154	132.655986
-32.256024	39.656728	132.813169
-32.356073	39.564535	132.978731
-32.454965	39.470966	133.143000
-32.553910	39.377501	133.298880
-32.652608	39.283772	133.454760
-32.751025	39.189744	133.611445
-32.848752	39.094928	133.776915
-32.945245	38.998691	133.941479
-33.041864	38.902646	134.097252
-33.138228	38.806345	134.253025
-33.234317	38.709766	134.409195
-33.329669	38.612373	134.574555
-33.423705	38.513506	134.739394
-33.517946	38.414928	134.895043
-33.611925	38.316099	135.050691
-33.705641	38.217019	135.206340
-33.798566	38.117094	135.371562
-33.890086	38.015642	135.536648
-33.981898	37.914576	135.692164
-34.073442	37.813265	135.847670
-34.164716	37.711709	136.003176
-34.255142	37.609275	136.167840
-34.344162	37.505361	136.332763
-34.433468	37.401823	136.488525
-34.522526	37.298077	136.643871
-34.611308	37.194093	136.799216
-34.699190	37.089204	136.963306
-34.785660	36.982877	137.128049
-34.872403	36.876910	137.284037
-34.958927	36.770777	137.439205
-35.045168	36.664411	137.594373
-35.130461	36.557123	137.757868
-35.214332	36.448432	137.922414
-35.298457	36.340078	138.078611
-35.382397	36.231607	138.233583
-35.466048	36.122909	138.388555
-35.548709	36.013278	138.551439
-35.629932	35.902272	138.715771
-35.711383	35.791578	138.872157
-35.792692	35.680817	139.026916
-35.873705	35.569837	139.181675
-35.953692	35.457920	139.343930
-36.032219	35.344650	139.508030
-36.110942	35.231660	139.664587
-36.189572	35.118661	139.819115
-36.267899	35.005450	139.973642
-36.345170	34.891303	140.135251
-36.420954	34.775822	140.299102
-36.496895	34.660583	140.455811
-36.572799	34.545397	140.610090
-36.648394	34.430005	140.764369
-36.722909	34.313688	140.925314
-36.795903	34.196048	141.088899
-36.869006	34.078608	141.245740
-36.942139	33.961288	141.399753
-37.014956	33.843768	141.553765
-37.086674	33.725339	141.714031
-37.156832	33.605594	141.877332
-37.227045	33.486003	142.034286
-37.297361	33.366601	142.188015
-37.367354	33.247008	142.341743
-37.436237	33.126526	142.501312
-37.503513	33.004730	142.664312
-37.570783	32.883038	142.821360
-37.638236	32.761610	142.974787
-37.705361	32.639997	143.128215
-37.771371	32.517523	143.287069
-37.835720	32.393732	143.449752
-37.899995	32.269991	143.606874
-37.964542	32.146591	143.759982
-38.028754	32.023013	143.913090
-38.091854	31.898608	144.071215
-38.153232	31.772879	144.233563
-38.214459	31.647143	144.390739
-38.276056	31.521828	144.543511
-38.337312	31.396341	144.696283
-38.397465	31.270066	144.853661
-38.455830	31.142456	145.015658
-38.513957	31.014779	145.172868
-38.572562	30.887606	145.325286
-38.630819	30.760268	145.477704
-38.687990	30.632186	145.634319
-38.743298	30.502753	145.795948
-38.798275	30.373192	145.953173
-38.853844	30.244218	146.105220
-38.909060	30.115088	146.257267
-38.963215	29.985260	146.413102
-39.015424	29.854066	146.574346
-39.067200	29.722676	146.731566
-39.119693	29.591961	146.883224
-39.171827	29.461098	147.034882
-39.222932	29.329590	147.189923
-39.271999	29.196693	147.350764
-39.320526	29.063535	147.507960
-39.369901	28.931139	147.659212
-39.418911	28.798603	147.810464
-39.466934	28.665477	147.964695
-39.512820	28.530940	148.125117
-39.558046	28.396073	148.282267
-39.604265	28.262057	148.433096
-39.650111	28.127909	148.583925
-39.695019	27.993232	148.737330
-39.737683	27.857117	148.897316
-39.779562	27.720602	149.054401
-39.822583	27.585029	149.204789
-39.865227	27.449332	149.355177
-39.906989	27.313169	149.507742
-39.946393	27.175540	149.667275
-39.984874	27.037441	149.824274
-40.024661	26.900374	149.974205
-40.064063	26.763191	150.124136
-40.102649	26.625607	150.275844
-40.138753	26.486529	150.434907
-40.173791	26.346910	150.591801
-40.210304	26.208413	150.741257
-40.246427	26.069810	150.890713
-40.281808	25.930873	151.041551
-40.314574	25.790412	151.200128
-40.346121	25.649339	151.356896
-40.379324	25.509478	151.505860
-40.412130	25.369518	151.654824
-40.444277	25.229297	151.804775
-40.473669	25.087520	151.962850
-40.501680	24.945060	152.119471
-40.531535	24.803901	152.267927
-40.560989	24.662652	152.416382
-40.589874	24.521215	152.565433
-40.615855	24.378190	152.722989
-40.640283	24.234412	152.879442
-40.666756	24.092023	153.027372
-40.692821	23.949554	153.175302
-40.718418	23.806970	153.323438
-40.740952	23.662767	153.480458
-40.761754	23.517741	153.636724
-40.784809	23.374191	153.784111
-40.807451	23.230569	153.931498
-40.829680	23.086878	154.078885
-40.848759	22.941582	154.235162
-40.865974	22.795428	154.391053
-40.885520	22.650755	154.538059
-40.904705	22.506052	154.684886
-40.923471	22.361289	154.831714
-40.939101	22.214992	154.987014
-40.952788	22.067835	155.142319
-40.968721	21.922074	155.289130
-40.984415	21.776361	155.435381
-40.999684	21.630597	155.581632
-41.011840	21.483375	155.735942
-41.021968	21.335289	155.890644
-41.034246	21.188512	156.037241
-41.046416	21.041861	156.182899
-41.058157	20.895169	156.328557
-41.066813	20.747097	156.481860
-41.073350	20.598157	156.635944
-41.081932	20.450439	156.782307
-41.090548	20.302924	156.927356
-41.098728	20.155379	157.072404
-41.103864	20.006534	157.224687
-41.106778	19.856815	157.378137
-41.111624	19.708232	157.524245
-41.116654	19.559928	157.668668
-41.121243	19.411604	157.813090
-41.122836	19.262064	157.964339
-41.122098	19.111644	158.117137
-41.123168	18.962273	158.262972
-41.124582	18.813257	158.406752
-41.125551	18.664231	158.550531
-41.123581	18.514074	158.700731
-41.119160	18.363032	158.852864
-41.116417	18.212952	158.998404
-41.114187	18.063302	159.141525
-41.111506	17.913653	159.284646
-41.105952	17.762959	159.433783
-41.097821	17.611373	159.585233
-41.091227	17.460667	159.730459
-41.085324	17.310461	159.872904
-41.078965	17.160267	160.015350
-41.069809	17.009117	160.163412
-41.057941	16.857071	160.314163
-41.047460	16.705819	160.459055
-41.037856	16.555139	160.600809
-41.027793	16.404482	160.742562
-41.015017	16.252957	160.889535
-40.999385	16.100532	161.039572
-40.984981	15.948821	161.184110
-40.971651	15.797748	161.325156
-40.957856	15.646709	161.466202
-40.941444	15.494893	161.612072
-40.922023	15.342174	161.761379
-40.903661	15.190090	161.905542
-40.886580	15.038708	162.045864
-40.869029	14.887371	162.186186
-40.848964	14.735346	162.330942
-40.825729	14.582419	162.479503
-40.803376	14.430052	162.623271
-40.782520	14.278445	162.762853
-40.761189	14.126896	162.902435
-40.737457	13.974747	163.046063
-40.710385	13.821700	163.193863
-40.684009	13.669139	163.337216
-40.659354	13.517394	163.476042
-40.634219	13.365720	163.614868
-40.606807	13.213534	163.757355
-40.575876	13.060454	163.904379
-40.545445	12.907794	164.047296
-40.516969	12.755999	164.185351
-40.488010	12.604288	164.323405
-40.456904	12.452150	164.464740
-40.422093	12.299130	164.610971
-40.387578	12.146464	164.753433
-40.355260	11.994710	164.890700
-40.322455	11.843051	165.027966
-40.287645	11.691051	165.168136
-40.248934	11.538183	165.313561
-40.210306	11.385609	165.455546
-40.174127	11.233986	165.592010
-40.137455	11.082472	165.728473
-40.098931	10.930699	165.867467
-40.056301	10.778076	166.012068
-40.013532	10.625694	166.153557
-39.973473	10.474296	166.289202
-39.932917	10.323021	166.424847
-39.891267	10.171718	166.561572
-39.847217	10.020067	166.701281
-39.802738	9.868579	166.839600
-39.759486	9.717657	166.974829
-39.715733	9.566870	167.110059
-39.671481	9.416219	167.245288
-39.626728	9.265707	167.380518
-39.581473	9.115336	167.515747
-39.535717	8.965107	167.650977
-39.489458	8.815023	167.786206
-39.442697	8.665085	167.921436
-39.395432	8.515295	168.056665
-39.347663	8.365656	168.191895
-39.299389	8.216169	168.327124
-39.250610	8.066836	168.462354
-39.201326	7.917659	168.597583
-39.151535	7.768641	168.732813
-39.101238	7.619783	168.868042
-39.050433	7.471087	169.003272
-38.999121	7.322556	169.138501
-38.947301	7.174191	169.273731
-38.894972	7.025995	169.408960
-38.842134	6.877970	169.544190
-38.788786	6.730117	169.679419
-38.734928	6.582438	169.814649
-38.680559	6.434937	169.949878
-38.625679	6.287615	170.085108
-38.570288	6.140473	170.220337
-38.514384	5.993515	170.355567
-38.457968	5.846743	170.490796
-38.401040	5.700158	170.626025
-38.343597	5.553762	170.761255
-38.285641	5.407559	170.896484
-38.227171	5.261550	171.031714
-38.168185	5.115737	171.166943
-38.108685	4.970122	171.302173
-38.048669	4.824708	171.437402
-37.988137	4.679497	171.572632
-37.927089	4.534492	171.707861
-37.865524	4.389693	171.843091
-37.803442	4.245105	171.978320
-37.740842	4.100728	172.113550
-37.677725	3.956566	172.248779
-37.614088	3.812620	172.384009
-37.549934	3.668893	172.519238
-37.485260	3.525388	172.654468
-37.420067	3.382106	172.789697
-37.354354	3.239049	172.924927
-37.288121	3.096221	173.060156
-37.221367	2.953624	173.195386
-37.154093	2.811260	173.330615
-37.086297	2.669131	173.465845
-37.017980	2.527240	173.601074
-36.949142	2.385589	173.736304
-36.879781	2.244180	173.871533
-36.809898	2.103017	174.006763
-36.739492	1.962101	174.141992
-36.668564	1.821435	174.277222
-36.597112	1.681022	174.412451
-36.525137	1.540864	174.547681
-36.452639	1.400963	174.682910
-36.379616	1.261321	174.818140
-36.306069	1.121943	174.953369
-36.231998	0.982829	175.088599
-36.157402	0.843983	175.223828
-36.082281	0.705407	175.359058
-36.006635	0.567104	175.494287
-35.930464	0.429076	175.629517
-35.853768	0.291325	175.764746
-35.776546	0.153856	175.899976
-35.698798	0.016669	176.035205
-35.620524	-0.120232	176.170435
-35.541724	-0.256845	176.305664
-35.462398	-0.393166	176.440894
-35.382546	-0.529194	176.576123
-35.302167	-0.664926	176.711353
-35.221261	-0.800358	176.846582
-35.139828	-0.935489	176.981812
-35.057869	-1.070315	177.117041
-34.975383	-1.204834	177.252271
-34.892370	-1.339042	177.387500
-34.808830	-1.472939	177.522730
-34.724762	-1.606519	177.657959
-34.640168	-1.739781	177.793189
-34.555046	-1.872722	177.928418
-34.469397	-2.005340	178.063648
-34.383221	-2.137630	178.198877
-34.296517	-2.269591	178.334107
-34.209286	-2.401219	178.469336
-34.121528	-2.532512	178.604565
-34.033243	-2.663466	178.739795
-33.944431	-2.794080	178.875024
-33.855091	-2.924349	179.010254
-33.765225	-3.054271	179.145483
-33.674831	-3.183844	179.280713
-33.583911	-3.313063	179.415942
-33.492464	-3.441927	179.551172
-33.400490	-3.570432	179.686401
-33.307989	-3.698575	179.821631
-33.214962	-3.826353	179.956860
-33.121409	-3.953764	180.092090
-33.027330	-4.080803	180.227319
-32.932725	-4.207468	180.362549
-32.837594	-4.333757	180.497778
-32.741937	-4.459665	180.633008
-32.645756	-4.585190	180.768237
-32.549049	-4.710329	180.903467
-32.451817	-4.835078	181.038696
-32.354061	-4.959434	181.173926
-32.255780	-5.083395	181.309155
-32.156975	-5.206957	181.444385
-32.057646	-5.330117	181.579614
-31.957794	-5.452871	181.714844
-31.857419	-5.575217	181.850073
-31.756521	-5.697151	181.985303
-31.655101	-5.818670	182.120532
-31.553159	-5.939771	182.255762
-31.450694	-6.060451	182.390991
-31.347709	-6.180705	182.526221
-31.244203	-6.300531	182.661450
-31.140176	-6.419926	182.796680
-31.035630	-6.538886	182.931909
-30.930564	-6.657407	183.067139
-30.824978	-6.775488	183.202368
-30.718875	-6.893123	183.337598
-30.612253	-7.010310	183.472827
-30.505114	-7.127045	183.608057
-30.399363	-7.243779	183.739885
-30.294085	-7.360311	183.871281
-30.187813	-7.476286	184.003820
-30.084285	-7.592637	184.131319
-29.979938	-7.708486	184.261736
-29.875148	-7.823922	184.391945
-29.772002	-7.939497	184.520570
-29.666286	-8.054090	184.653917
-29.562682	-8.168961	184.782876
-29.458737	-8.283450	184.914195
-29.353713	-8.397343	185.046542
-29.250499	-8.511467	185.176583
-29.144927	-8.624615	185.311446
-29.041255	-8.738035	185.441809
-28.937692	-8.851210	185.573956
-28.832475	-8.963592	185.708395
-28.729201	-9.076297	185.839797
-28.623781	-9.188040	185.976114
-28.520050	-9.300044	186.107826
-28.416848	-9.411949	186.240728
-28.311474	-9.522856	186.377210
-28.208145	-9.634174	186.509918
-28.102928	-9.744573	186.647527
-27.999116	-9.855183	186.780640
-27.896191	-9.965842	186.914315
-27.790738	-10.075328	187.052691
-27.687358	-10.185296	187.186649
-27.582565	-10.294476	187.324944
-27.478546	-10.403679	187.459984
-27.375571	-10.513020	187.594865
-27.270283	-10.621210	187.734538
-27.166853	-10.729862	187.869689
-27.062454	-10.837873	188.008595
-26.958259	-10.945708	188.145512
-26.855234	-11.053767	188.281541
-26.750110	-11.160708	188.422448
-26.646629	-11.268080	188.558735
-26.542592	-11.374970	188.698177
-26.438250	-11.481480	188.836920
-26.335171	-11.588294	188.974041
-26.230208	-11.694034	189.116116
-26.126673	-11.800165	189.253482
-26.022963	-11.905980	189.393385
-25.918501	-12.011209	189.533902
-25.815363	-12.116818	189.672056
-25.710554	-12.221405	189.815235
-25.606959	-12.326333	189.953621
-25.503540	-12.431119	190.093912
-25.398978	-12.535117	190.236148
-25.295774	-12.639558	190.375277
-25.191112	-12.743043	190.519495
-25.087449	-12.846807	190.658843
-24.984279	-12.950608	190.799448
-24.879639	-13.053425	190.943347
-24.776359	-13.156738	191.083392
-24.671830	-13.259171	191.228582
-24.568090	-13.361812	191.368833
-24.465127	-13.464670	191.509679
-24.360424	-13.566361	191.655185
-24.257057	-13.668586	191.796087
-24.152776	-13.770092	191.941652
-24.048897	-13.871621	192.083303
-23.945892	-13.973459	192.224825
-23.841265	-14.074152	192.371346
-23.737795	-14.175329	192.513046
-23.633754	-14.275973	192.658769
-23.529733	-14.376435	192.801913
-23.426613	-14.477262	192.944186
-23.322077	-14.577028	193.091513
-23.218490	-14.677199	193.233950
-23.114638	-14.777022	193.379757
-23.010484	-14.876472	193.524337
-22.907231	-14.976329	193.667300
-22.802766	-15.075219	193.815366
-22.699041	-15.174424	193.958481
-22.595327	-15.273470	194.104299
-22.491049	-15.371964	194.250254
-22.387641	-15.470892	194.393847
-22.283222	-15.568958	194.542584
-22.179340	-15.667238	194.686316
-22.075712	-15.765543	194.832072
-21.971311	-15.863142	194.979341
-21.867727	-15.961180	195.123505
-21.763327	-16.058473	195.272845
-21.659265	-16.155868	195.417132
-21.555666	-16.253470	195.562754
-21.451143	-16.350233	195.711277
-21.347359	-16.447423	195.855949
-21.242947	-16.543994	196.005824
-21.138681	-16.640545	196.150607
-21.035057	-16.737476	196.296023
-20.930408	-16.833467	196.445735
-20.826397	-16.929847	196.590855
-20.721972	-17.025771	196.740905
-20.617484	-17.121526	196.886420
-20.513710	-17.217762	197.031844
-20.408956	-17.313067	197.182391
-20.304690	-17.408678	197.327897
-20.200240	-17.504028	197.477648
-20.095530	-17.599049	197.624244
-19.991476	-17.694551	197.770007
-19.886626	-17.789255	197.920917
-19.782077	-17.884135	198.066748
-19.677541	-17.978942	198.216128
-19.572598	-18.073292	198.363742
-19.468233	-18.168097	198.509782
-19.363250	-18.262248	198.660986
-19.258384	-18.356436	198.807081
-19.153700	-18.450728	198.956019
-19.048513	-18.544469	199.104585
-18.943804	-18.638614	199.250840
-18.838647	-18.732259	199.402270
-18.733433	-18.825792	199.548566
-18.628537	-18.919595	199.696992
-18.523089	-19.012789	199.846445
-18.418002	-19.106310	199.992854
-18.312628	-19.199496	200.144439
-18.207031	-19.292410	200.290875
-18.101861	-19.385746	200.438720
-17.996132	-19.478456	200.588993
-17.890631	-19.571390	200.735493
-17.784997	-19.664159	200.887165
-17.678982	-19.756490	201.033679
-17.573474	-19.849378	201.180874
-17.467441	-19.941667	201.332111
-17.361427	-20.033975	201.468113
-17.256360	-20.127381	201.594190
-17.152152	-20.221807	201.720464
-17.048802	-20.317273	201.846452
-16.946312	-20.413804	201.972484
-16.844654	-20.511392	202.098559
-16.743808	-20.610034	202.224443
-16.643753	-20.709726	202.349988
-16.544472	-20.810470	202.475024
-16.445993	-20.912325	202.599876
-16.348294	-21.015287	202.724650
-16.251338	-21.119331	202.849062
-16.155103	-21.224453	202.973018
-16.059547	-21.330618	203.096247
-15.964722	-21.437921	203.219066
-15.870621	-21.546375	203.341686
-15.777258	-21.656024	203.464202
-15.686455	-21.769427	203.597488
-15.597669	-21.885940	203.744455
-15.508782	-22.002668	203.894326
-15.419301	-22.118924	204.044196
-15.329230	-22.234705	204.194067
-15.238574	-22.350009	204.343937
-15.147335	-22.464834	204.493808
-15.055516	-22.579177	204.643679
-14.963123	-22.693036	204.793549
-14.870157	-22.806411	204.943420
-14.776622	-22.919297	205.093290
-14.682523	-23.031694	205.243161
-14.587862	-23.143600	205.393031
-14.492643	-23.255012	205.542902
-14.396869	-23.365929	205.692772
-14.300545	-23.476349	205.842643
-14.203673	-23.586270	205.992513
-14.106256	-23.695689	206.142384
-14.008299	-23.804606	206.292254
-13.909805	-23.913019	206.442125
-13.810778	-24.020925	206.591995
-13.711220	-24.128323	206.741866
-13.611136	-24.235211	206.891736
-13.510528	-24.341588	207.041607
-13.409400	-24.447451	207.191477
-13.307757	-24.552800	207.341348
-13.205600	-24.657632	207.491218
-13.102934	-24.761946	207.641089
-12.999762	-24.865740	207.790959
-12.896087	-24.969013	207.940830
-12.791914	-25.071763	208.090700
-12.687245	-25.173989	208.240571
-12.582083	-25.275689	208.390441
-12.476433	-25.376862	208.540312
-12.370297	-25.477506	208.690182
-12.263680	-25.577619	208.840053
-12.156584	-25.677202	208.989923
-12.049013	-25.776250	209.139794
-11.940970	-25.874765	209.289664
-11.832459	-25.972744	209.439535
-11.723483	-26.070186	209.589405
-11.614046	-26.167089	209.739276
-11.504759	-26.264843	209.894366
-11.394908	-26.361846	210.052126
-11.283835	-26.456545	210.204782
-11.172049	-26.550072	210.355033
-11.059823	-26.643052	210.505285
-10.947162	-26.735484	210.655536
-10.834068	-26.827366	210.805787
-10.720545	-26.918697	210.956038
-10.606596	-27.009477	211.106289
-10.492224	-27.099703	211.256541
-10.377433	-27.189376	211.406792
-10.262227	-27.278493	211.557043
-10.146607	-27.367054	211.707294
-10.030579	-27.455058	211.857546
-9.914144	-27.542504	212.007797
-9.797307	-27.629391	212.158048
-9.680070	-27.715717	212.308299
-9.562437	-27.801483	212.458550
-9.444411	-27.886686	212.608802
-9.325996	-27.971326	212.759053
-9.207194	-28.055402	212.909304
-9.088009	-28.138914	213.059555
-8.968444	-28.221859	213.209806
-8.848503	-28.304238	213.360058
-8.728188	-28.386050	213.510309
-8.607503	-28.467294	213.660560
-8.486450	-28.547969	213.810811
-8.365035	-28.628073	213.961062
-8.243258	-28.707608	214.111314
-8.121125	-28.786571	214.261565
-7.998637	-28.864962	214.411816
-7.875798	-28.942780	214.562067
-7.752611	-29.020025	214.712319
-7.629080	-29.096695	214.862570
-7.505207	-29.172791	215.012821
-7.380996	-29.248312	215.163072
-7.256450	-29.323256	215.313323
-7.131572	-29.397624	215.463575
-7.006366	-29.471414	215.613826
-6.880833	-29.544626	215.764077
-6.754978	-29.617260	215.914328
-6.628804	-29.689315	216.064579
-6.502538	-29.761822	216.218575
-6.376040	-29.834181	216.376718
-6.248858	-29.904256	216.531310
-6.121146	-29.972683	216.681933
-5.993136	-30.040528	216.832556
-5.864830	-30.107789	216.983180
-5.736233	-30.174467	217.133803
-5.607346	-30.240560	217.284426
-5.478173	-30.306069	217.435050
-5.348717	-30.370993	217.585673
-5.218981	-30.435331	217.736296
-5.088967	-30.499084	217.886920
-4.958680	-30.562250	218.037543
-4.828122	-30.624830	218.188167
-4.697295	-30.686824	218.338790
-4.566204	-30.748230	218.489413
-4.434850	-30.809048	218.640037
-4.303237	-30.869279	218.790660
-4.171368	-30.928922	218.941283
-4.039247	-30.987977	219.091907
-3.906874	-31.046443	219.242530
-3.774255	-31.104321	219.393153
-3.641391	-31.161610	219.543777
-3.508286	-31.218309	219.694400
-3.374943	-31.274419	219.845024
-3.241364	-31.329940	219.995647
-3.107552	-31.384870	220.146270
-2.973510	-31.439211	220.296894
-2.839242	-31.492962	220.447517
-2.704750	-31.546123	220.598140
-2.570037	-31.598694	220.748764
-2.435105	-31.650674	220.899387
-2.299959	-31.702064	221.050010
-2.164600	-31.752863	221.200634
-2.029031	-31.803072	221.351257
-1.893256	-31.852690	221.501881
-1.757276	-31.901718	221.652504
-1.621096	-31.950155	221.803127
-1.484717	-31.998001	221.953751
-1.348143	-32.045256	222.104374
-1.211376	-32.091921	222.254997
-1.074419	-32.137995	222.405621
-0.937304	-32.184468	222.559880
-0.800007	-32.230824	222.718469
-0.662476	-32.274876	222.873616
-0.524744	-32.317236	223.024603
-0.386842	-32.359005	223.175590
-0.248772	-32.400183	223.326576
-0.110537	-32.440771	223.477563
0.027861	-32.480769	223.628550
0.166418	-32.520176	223.779536
0.305132	-32.558993	223.930523
0.444000	-32.597221	224.081509
0.583020	-32.634858	224.232496
0.722188	-32.671906	224.383483
0.861503	-32.708365	224.534469
1.000961	-32.744234	224.685456
1.140560	-32.779514	224.836442
1.280297	-32.814205	224.987429
1.420170	-32.848307	225.138416
1.560176	-32.881821	225.289402
1.700312	-32.914747	225.440389
1.840575	-32.947085	225.591376
1.980964	-32.978835	225.742362
2.121475	-33.009998	225.893349
2.262106	-33.040574	226.044335
2.402854	-33.070563	226.195322
2.543717	-33.099965	226.346309
2.684692	-33.128781	226.497295
2.825776	-33.157011	226.648282
2.966967	-33.184655	226.799268
3.108263	-33.211714	226.950255
3.249661	-33.238189	227.101242
3.391158	-33.264078	227.252228
3.532752	-33.289384	227.403215
3.674440	-33.314105	227.554202
3.816220	-33.338244	227.705188
3.958089	-33.361799	227.856175
4.100045	-33.384771	228.007161
4.242086	-33.407161	228.158148
4.384208	-33.428970	228.309135
4.526410	-33.450197	228.460121
4.668688	-33.470843	228.611108
4.811041	-33.490909	228.762094
4.953654	-33.511669	228.917995
5.096334	-33.531743	229.077084
5.238818	-33.549463	229.231390
5.381247	-33.565858	229.382731
5.523734	-33.581676	229.534072
5.666276	-33.596916	229.685412
5.808869	-33.611580	229.836753
5.951513	-33.625669	229.988093
6.094204	-33.639181	230.139434
6.236941	-33.652119	230.290775
6.379720	-33.664483	230.442115
6.522540	-33.676272	230.593456
6.665398	-33.687489	230.744796
6.808292	-33.698132	230.896137
6.951219	-33.708204	231.047478
7.094178	-33.717704	231.198818
7.237165	-33.726633	231.350159
7.380179	-33.734992	231.501500
7.523217	-33.742780	231.652840
7.666277	-33.750000	231.804181
7.809357	-33.756651	231.955521
7.952455	-33.762734	232.106862
8.095567	-33.768250	232.258203
8.238693	-33.773199	232.409543
8.381829	-33.777582	232.560884
8.524973	-33.781399	232.712224
8.668124	-33.784652	232.863565
8.811279	-33.787341	233.014906
8.954435	-33.789466	233.166246
9.097592	-33.791029	233.317587
9.240745	-33.792029	233.468928
9.383894	-33.792468	233.620268
9.527036	-33.792347	233.771609
9.670168	-33.791665	233.922949
9.813289	-33.790425	234.074290
9.956397	-33.788626	234.225631
10.099489	-33.786268	234.376971
10.242563	-33.783354	234.528312
10.385617	-33.779884	234.679652
10.528650	-33.775858	234.830993
10.671658	-33.771277	234.982334
10.814639	-33.766142	235.133674
10.958183	-33.762273	235.292612
11.101319	-33.756646	235.452249
11.243818	-33.748621	235.604297
11.386249	-33.739962	235.755982
11.528639	-33.730755	235.907667
11.670985	-33.720999	236.059352
11.813286	-33.710697	236.211037
11.955539	-33.699848	236.362722
12.097742	-33.688454	236.514407
12.239893	-33.676515	236.666092
12.381991	-33.664032	236.817777
12.524032	-33.651006	236.969462
12.666016	-33.637438	237.121147
12.807940	-33.623329	237.272832
12.949802	-33.608679	237.424517
13.091601	-33.593489	237.576202
13.233333	-33.577760	237.727887
13.374998	-33.561494	237.879572
13.516594	-33.544690	238.031257
13.658117	-33.527350	238.182942
13.799567	-33.509475	238.334627
13.940942	-33.491065	238.486312
14.082239	-33.472122	238.637997
14.223456	-33.452646	238.789682
14.364593	-33.432638	238.941367
14.505646	-33.412100	239.093052
14.646614	-33.391031	239.244737
14.787495	-33.369433	239.396422
14.928287	-33.347307	239.548107
15.068989	-33.324654	239.699792
15.209598	-33.301475	239.851477
15.350112	-33.277770	240.003162
15.490530	-33.253541	240.154847
15.630850	-33.228788	240.306532
15.771070	-33.203512	240.458217
15.911189	-33.177715	240.609902
16.051203	-33.151398	240.761587
16.191112	-33.124560	240.913272
16.330914	-33.097204	241.064957
16.470607	-33.069330	241.216642
16.610188	-33.040940	241.368327
16.750060	-33.012826	241.523666
16.890009	-32.984555	241.683550
17.029094	-32.954295	241.839962
17.167585	-32.922601	241.991982
17.305951	-32.890397	242.144001
17.444191	-32.857685	242.296020
17.582304	-32.824465	242.448040
17.720288	-32.790739	242.600059
17.858140	-32.756507	242.752079
17.995860	-32.721770	242.904098
18.133445	-32.686529	243.056117
18.270894	-32.650786	243.208137
18.408206	-32.614542	243.360156
18.545377	-32.577796	243.512176
18.682408	-32.540552	243.664195
18.819295	-32.502808	243.816215
18.956038	-32.464568	243.968234
19.092635	-32.425830	244.120253
19.229084	-32.386598	244.272273
19.365383	-32.346871	244.424292
19.501532	-32.306651	244.576312
19.637527	-32.265939	244.728331
19.773368	-32.224736	244.880350
19.909053	-32.183042	245.032370
20.044581	-32.140860	245.184389
20.179949	-32.098189	245.336409
20.315157	-32.055032	245.488428
20.450202	-32.011389	245.640448
20.585083	-31.967261	245.792467
20.719799	-31.922650	245.944486
20.854348	-31.877556	246.096506
20.988728	-31.831981	246.248525
21.122937	-31.785926	246.400545
21.256975	-31.739391	246.552564
21.390840	-31.692378	246.704583
21.524530	-31.644888	246.856603
21.658044	-31.596922	247.008622
21.791380	-31.548482	247.160642
21.924536	-31.499568	247.312661
22.057512	-31.450181	247.464681
22.190305	-31.400323	247.616700
22.323048	-31.350182	247.769700
22.456471	-31.300774	247.929884
22.588842	-31.249676	248.089379
22.720074	-31.196794	248.241722
22.851112	-31.143449	248.394066
22.981956	-31.089642	248.546409
23.112602	-31.035374	248.698753
23.243051	-30.980647	248.851096
23.373301	-30.925461	249.003440
23.503350	-30.869818	249.155783
23.633196	-30.813719	249.308127
23.762839	-30.757165	249.460470
23.892277	-30.700157	249.612814
24.021509	-30.642696	249.765157
24.150533	-30.584784	249.917501
24.279347	-30.526421	250.069844
24.407951	-30.467609	250.222188
24.536343	-30.408349	250.374531
24.664522	-30.348643	250.526875
24.792487	-30.288490	250.679218
24.920235	-30.227893	250.831562
25.047766	-30.166853	250.983905
25.175078	-30.105370	251.136249
25.302171	-30.043447	251.288592
25.429042	-29.981083	251.440936
25.555691	-29.918281	251.593279
25.682115	-29.855042	251.745623
25.808315	-29.791366	251.897966
25.934288	-29.727256	252.050310
26.060033	-29.662711	252.202653
26.185549	-29.597734	252.354997
26.310835	-29.532326	252.507340
26.435889	-29.466487	252.659684
26.560710	-29.400219	252.812027
26.685297	-29.333523	252.964371
26.809649	-29.266401	253.116714
26.933764	-29.198853	253.269058
27.057642	-29.130881	253.421401
27.181280	-29.062486	253.573745
27.304678	-28.993670	253.726088
27.427834	-28.924433	253.878432
27.550748	-28.854776	254.030775
27.674620	-28.785952	254.190910
27.797354	-28.715768	254.351765
27.918611	-28.643894	254.504836
28.039555	-28.571545	254.657493
28.160247	-28.498786	254.810149
28.280685	-28.425619	254.962806
28.400870	-28.352043	255.115463
28.520798	-28.278062	255.268120
28.640470	-28.203675	255.420777
28.759885	-28.128885	255.573434
28.879040	-28.053691	255.726091
28.997935	-27.978097	255.878748
29.116569	-27.902102	256.031405
29.234940	-27.825709	256.184061
29.353048	-27.748917	256.336718
29.470891	-27.671730	256.489375
29.588469	-27.594147	256.642032
29.705780	-27.516170	256.794689
29.822822	-27.437800	256.947346
29.939596	-27.359039	257.100003
30.056100	-27.279888	257.252660
30.172333	-27.200348	257.405317
30.288294	-27.120420	257.557973
30.403981	-27.040106	257.710630
30.519394	-26.959407	257.863287
30.634532	-26.878323	258.015944
30.749394	-26.796857	258.168601
30.863978	-26.715010	258.321258
30.978283	-26.632783	258.473915
31.092309	-26.550176	258.626572
31.206055	-26.467192	258.779229
31.319519	-26.383832	258.931886
31.432701	-26.300096	259.084542
31.545599	-26.215987	259.237199
31.658213	-26.131505	259.389856
31.770541	-26.046652	259.542513
31.882583	-25.961429	259.695170
31.994337	-25.875837	259.847827
32.105803	-25.789877	260.000484
32.216979	-25.703552	260.153141
32.327866	-25.616861	260.305798
32.439760	-25.530830	260.466222
32.550364	-25.443639	260.627456
32.659331	-25.355034	260.780933
32.767916	-25.266007	260.933892
32.876203	-25.176625	261.086851
32.984192	-25.086889	261.239810
33.091881	-24.996801	261.392770
33.199269	-24.906361	261.545729
33.306356	-24.815572	261.698688
33.413141	-24.724434	261.851647
33.519622	-24.632949	262.004607
33.625799	-24.541117	262.157566
33.731671	-24.448941	262.310525
33.837237	-24.356422	262.463484
33.942496	-24.263560	262.616443
34.047447	-24.170357	262.769403
34.152090	-24.076815	262.922362
34.256423	-23.982934	263.075321
34.360446	-23.888716	263.228280
34.464159	-23.794162	263.381240
34.567559	-23.699274	263.534199
34.670646	-23.604053	263.687158
34.773420	-23.508499	263.840117
34.875879	-23.412615	263.993076
34.978024	-23.316402	264.146036
35.079852	-23.219860	264.298995
35.181363	-23.122992	264.451954
35.282557	-23.025799	264.604913
35.383432	-22.928281	264.757873
35.483988	-22.830440	264.910832
35.584224	-22.732277	265.063791
35.684140	-22.633794	265.216750
35.783733	-22.534993	265.369709
35.883005	-22.435873	265.522669
35.981953	-22.336437	265.675628
36.080578	-22.236686	265.828587
36.178878	-22.136621	265.981546
36.276852	-22.036243	266.134506
36.374501	-21.935554	266.287465
36.471822	-21.834555	266.440424
36.568936	-21.733319	266.594061
36.666960	-21.632504	266.755409
36.763361	-21.530611	266.916353
36.858119	-21.427643	267.069603
36.952546	-21.324377	267.222853
37.046638	-21.220811	267.376103
37.140397	-21.116949	267.529353
37.233821	-21.012791	267.682603
37.326910	-20.908338	267.835853
37.419662	-20.803592	267.989104
37.512077	-20.698554	268.142354
37.604155	-20.593226	268.295604
37.695895	-20.487608	268.448854
37.787296	-20.381702	268.602104
37.878358	-20.275510	268.755354
37.969079	-20.169031	268.908604
38.059460	-20.062269	269.061855
38.149499	-19.955224	269.215105
38.239197	-19.847897	269.368355
38.328551	-19.740290	269.521605
38.417562	-19.632404	269.674855
38.506230	-19.524240	269.828105
38.594552	-19.415800	269.981355
38.682530	-19.307084	270.134605
38.770162	-19.198095	270.287856
38.857448	-19.088833	270.441106
38.944386	-18.979300	270.594356
39.030977	-18.869497	270.747606
39.117220	-18.759426	270.900856
39.203114	-18.649087	271.054106
39.288659	-18.538482	271.207356
39.373855	-18.427612	271.360606
39.458699	-18.316478	271.513857
39.543193	-18.205083	271.667107
39.627335	-18.093426	271.820357
39.711125	-17.981510	271.973607
39.794563	-17.869336	272.126857
39.877647	-17.756905	272.280107
39.960378	-17.644217	272.433357
40.042754	-17.531276	272.586608
40.124776	-17.418081	272.739858
40.207009	-17.304879	272.896284
40.289298	-17.191596	273.058084
40.369814	-17.077454	273.216884
40.449065	-16.962681	273.370413
40.527957	-16.847666	273.523942
40.606489	-16.732409	273.677472
40.684662	-16.616911	273.831001
40.762473	-16.501176	273.984530
40.839924	-16.385202	274.138059
40.917013	-16.268992	274.291589
40.993740	-16.152548	274.445118
41.070104	-16.035869	274.598647
41.146106	-15.918958	274.752177
41.221744	-15.801816	274.905706
41.297018	-15.684444	275.059235
41.371928	-15.566844	275.212764
41.446473	-15.449016	275.366294
41.520653	-15.330962	275.519823
41.594468	-15.212683	275.673352
41.667916	-15.094181	275.826881
41.740998	-14.975457	275.980411
41.813712	-14.856512	276.133940
41.886060	-14.737347	276.287469
41.958040	-14.617964	276.440998
42.029651	-14.498364	276.594528
42.100894	-14.378548	276.748057
42.171768	-14.258517	276.901586
42.242272	-14.138273	277.055115
42.312407	-14.017818	277.208645
42.382172	-13.897151	277.362174
42.451566	-13.776275	277.515703
42.520589	-13.655191	277.669232
42.589241	-13.533900	277.822762
42.657521	-13.412404	277.976291
42.725429	-13.290703	278.129820
42.792964	-13.168799	278.283350
42.860127	-13.046693	278.436879
42.926917	-12.924387	278.590408
42.993333	-12.801882	278.743937
43.059375	-12.679178	278.897467
43.125043	-12.556278	279.050996
43.191569	-12.433537	279.211508
43.256791	-12.310327	279.373781
43.320174	-12.186507	279.529114
43.382921	-12.062425	279.682910
43.445291	-11.938157	279.836706
43.507283	-11.813704	279.990502
43.568898	-11.689067	280.144299
43.630135	-11.564247	280.298095
43.690993	-11.439246	280.451891
43.751473	-11.314066	280.605687
43.811574	-11.188706	280.759484
43.871296	-11.063169	280.913280
43.930639	-10.937456	281.067076
43.989602	-10.811568	281.220872
44.048184	-10.685507	281.374669
44.106387	-10.559272	281.528465
44.164209	-10.432867	281.682261
44.221650	-10.306292	281.836057
44.278710	-10.179548	281.989854
44.335388	-10.052636	282.143650
44.391685	-9.925558	282.297446
44.447600	-9.798316	282.451242
44.503133	-9.670909	282.605039
44.558284	-9.543340	282.758835
44.613052	-9.415610	282.912631
44.667438	-9.287720	283.066427
44.721440	-9.159671	283.220224
44.775059	-9.031465	283.374020
44.828295	-8.903102	283.527816
44.881147	-8.774585	283.681612
44.933614	-8.645913	283.835409
44.985698	-8.517089	283.989205
45.037398	-8.388114	284.143001
45.088713	-8.258989	284.296797
45.139643	-8.129715	284.450594
45.190188	-8.000293	284.604390
45.240348	-7.870725	284.758186
45.290123	-7.741012	284.911982
45.339512	-7.611155	285.065779
45.388516	-7.481155	285.219575
45.437737	-7.351111	285.376874
45.486821	-7.220963	285.539370
45.534036	-7.090435	285.698516
45.580022	-6.959641	285.852567
45.625621	-6.828714	286.006617
45.670833	-6.697656	286.160668
45.715657	-6.566469	286.314719
45.760094	-6.435152	286.468769
45.804142	-6.303708	286.622820
45.847803	-6.172138	286.776871
45.891076	-6.040443	286.930922
45.933960	-5.908624	287.084972
45.976457	-5.776682	287.239023
46.018564	-5.644619	287.393074
46.060283	-5.512435	287.547125
46.101613	-5.380133	287.701175
46.142555	-5.247713	287.855226
46.183107	-5.115176	288.009277
46.223270	-4.982524	288.163327
46.263045	-4.849758	288.317378
46.302429	-4.716879	288.471429
46.341425	-4.583888	288.625480
46.380031	-4.450786	288.779530
46.418247	-4.317575	288.933581
46.456074	-4.184256	289.087632
46.493511	-4.050830	289.241683
46.530558	-3.917299	289.395733
46.567216	-3.783662	289.549784
46.603483	-3.649923	289.703835
46.639360	-3.516081	289.857886
46.674847	-3.382138	290.011936
46.709944	-3.248095	290.165987
46.744651	-3.113954	290.320038
46.778968	-2.979716	290.474088
46.812894	-2.845381	290.628139
46.846430	-2.710951	290.782190
46.879575	-2.576427	290.936241
46.912330	-2.441811	291.090291
46.944694	-2.307103	291.244342
46.976668	-2.172305	291.398393
47.008446	-2.037426	291.553624
47.040841	-1.902499	291.716375
47.071321	-1.767418	291.878160
47.100230	-1.632207	292.032453
47.128747	-1.496917	292.186745
47.156874	-1.361547	292.341037
47.184610	-1.226100	292.495330
47.211954	-1.090576	292.649622
47.238908	-0.954976	292.803915
47.265471	-0.819302	292.958207
47.291644	-0.683555	293.112499
47.317425	-0.547736	293.266792
47.342815	-0.411845	293.421084
47.367815	-0.275885	293.575376
47.392423	-0.139857	293.729669
47.416641	-0.003761	293.883961
47.440468	0.132402	294.038253
47.463904	0.268629	294.192546
47.486949	0.404921	294.346838
47.509604	0.541275	294.501131
47.531868	0.677691	294.655423
47.553741	0.814167	294.809715
47.575224	0.950703	294.964008
47.596316	1.087297	295.118300
47.617017	1.223948	295.272592
47.637328	1.360656	295.426885
47.657249	1.497417	295.581177
47.676779	1.634233	295.735469
47.695919	1.771101	295.889762
47.714669	1.908020	296.044054
47.733028	2.044990	296.198346
47.750998	2.182009	296.352639
47.768577	2.319075	296.506931
47.785767	2.456189	296.661224
47.802566	2.593348	296.815516
47.818976	2.730552	296.969808
47.834996	2.867799	297.124101
47.850626	3.005089	297.278393
47.865867	3.142420	297.432685
47.880718	3.279790	297.586978
47.895182	3.417200	297.741284
47.910587	3.554747	297.904316
47.924047	3.692220	298.067568
47.935829	3.829629	298.222089
47.947222	3.967068	298.376610
47.958227	4.104536	298.531130
47.968843	4.242033	298.685651
47.979071	4.379556	298.840172
47.988911	4.517106	298.994693
47.998363	4.654680	299.149213
48.007427	4.792278	299.303734
48.016103	4.929899	299.458255
48.024391	5.067541	299.612776
48.032292	5.205203	299.767297
48.039805	5.342885	299.921817
48.046931	5.480585	300.076338
48.053670	5.618302	300.230859
48.060023	5.756035	300.385380
48.065988	5.893783	300.539900
48.071566	6.031545	300.694421
48.076759	6.169319	300.848942
48.081564	6.307106	301.003463
48.085984	6.444902	301.157984
48.090017	6.582708	301.312504
48.093665	6.720523	301.467025
48.096927	6.858345	301.621546
48.099804	6.996173	301.776067
48.102295	7.134006	301.930587
48.104401	7.271843	302.085108
48.106122	7.409684	302.239629
48.107458	7.547526	302.394150
48.108410	7.685369	302.548671
48.108977	7.823212	302.703191
48.109160	7.961053	302.857712
48.108959	8.098892	303.012233
48.108375	8.236728	303.166754
48.107406	8.374559	303.321275
48.106054	8.512385	303.475795
48.104319	8.650204	303.630316
48.102201	8.788015	303.784837
48.099700	8.925817	303.939358
48.096817	9.063610	304.093878
